Length: 90.0
Width: 85.0
Thickness: 0.2
Parameters: [(u'hippopede', (5.0, 5.0, 0.0, 1.8, 1.0), u'empty'), (u'hippopede', (15.0, 5.0, 90.0, 1.8, 1.0), u'empty'), (u'hippopede', (15.0, 15.0, 0.0, 1.8, 1.0), u'empty'), (u'hippopede', (5.0, 15.0, 90.0, 1.8, 1.0), u'empty')]
Displacement Force P1-x P1-y P2-x P2-y P4-x P4-y P3-x P3-y
0.000000000000000000e+00 -0.000000000000000000e+00 3.004046249389648438e+01 2.986684989929199219e+01 4.997020721435546875e+01 2.991383743286132812e+01 2.990158081054687500e+01 5.001245880126953125e+01 4.996882629394531250e+01 5.014168548583984375e+01
7.199999690055847168e-02 2.240932655334472656e+01 3.004390207538381219e+01 2.989368286728858948e+01 4.996673431014642119e+01 2.994069142080843449e+01 2.990512853930704296e+01 5.005756507441401482e+01 4.996538182115182281e+01 5.018685779720544815e+01
1.439999938011169434e-01 4.481865310668945312e+01 3.004734165687114000e+01 2.992051583528518677e+01 4.996326140593737364e+01 2.996754540875554085e+01 2.990867626806721091e+01 5.010267134755849838e+01 4.996193734835833311e+01 5.023203010857105255e+01
2.160000056028366089e-01 6.722798156738281250e+01 3.005078123882412910e+01 2.994734880328178406e+01 4.995978850126266479e+01 2.999439939111471176e+01 2.991222399659454823e+01 5.014777761697769165e+01 4.995849287603050470e+01 5.027720242738723755e+01
2.879999876022338867e-01 8.963730621337890625e+01 3.005422081984579563e+01 2.997418177127838135e+01 4.995631559751927853e+01 3.002125338464975357e+01 2.991577172558754683e+01 5.019288389384746552e+01 4.995504840277135372e+01 5.032237473130226135e+01
3.600000143051147461e-01 1.120466308593750000e+02 3.005766040086746216e+01 3.000101473927497864e+01 4.995284269377589226e+01 3.004810737073421478e+01 2.991931945458054543e+01 5.023799017071723938e+01 4.995160393044352531e+01 5.036754705011844635e+01
4.320000112056732178e-01 1.344559631347656250e+02 3.006109998375177383e+01 3.002784770727157593e+01 4.994936978816986084e+01 3.007496134936809540e+01 2.992286718264222145e+01 5.028309643268585205e+01 4.994815945811569691e+01 5.041271936893463135e+01
5.040000081062316895e-01 1.568652801513671875e+02 3.006453956477344036e+01 3.005468067526817322e+01 4.994589688442647457e+01 3.010181534290313721e+01 2.992641491070389748e+01 5.032820272445678711e+01 4.994471498392522335e+01 5.045789167284965515e+01
5.759999752044677734e-01 1.792746124267578125e+02 3.006797914579510689e+01 3.008151364326477051e+01 4.994242398068308830e+01 3.012866933643817902e+01 2.992996264062821865e+01 5.037330898642539978e+01 4.994127051159739494e+01 5.050306397676467896e+01
6.480000019073486328e-01 2.016839447021484375e+02 3.007141872867941856e+01 3.010834661126136780e+01 4.993895107507705688e+01 3.015552331507205963e+01 2.993351036682724953e+01 5.041841524839401245e+01 4.993782603926956654e+01 5.054823628067970276e+01
7.200000286102294922e-01 2.240932617187500000e+02 3.007485830783843994e+01 3.013517957925796509e+01 4.993547817319631577e+01 3.018237730860710144e+01 2.993705809861421585e+01 5.046352154016494751e+01 4.993438156694173813e+01 5.059340861439704895e+01
7.919999957084655762e-01 2.465025939941406250e+02 3.007829789072275162e+01 3.016201254725456238e+01 4.993200526759028435e+01 3.020923128724098206e+01 2.994060582667589188e+01 5.050862780213356018e+01 4.993093709275126457e+01 5.063858091831207275e+01
8.640000224113464355e-01 2.689119262695312500e+02 3.008173747360706329e+01 3.018884551525115967e+01 4.992853236198425293e+01 3.023608526587486267e+01 2.994415355473756790e+01 5.055373406410217285e+01 4.992749262228608131e+01 5.068375325202941895e+01
9.359999895095825195e-01 2.913212585449218750e+02 3.008517705276608467e+01 3.021567848324775696e+01 4.992505946010351181e+01 3.026293927431106567e+01 2.994770128279924393e+01 5.059884035587310791e+01 4.992404814809560776e+01 5.072892552614212036e+01
1.008000016212463379e+00 3.137305603027343750e+02 3.008861663565039635e+01 3.024251145124435425e+01 4.992158655449748039e+01 3.028979325294494629e+01 2.995124901086091995e+01 5.064394664764404297e+01 4.992060367390513420e+01 5.077409785985946655e+01
1.080000042915344238e+00 3.361398925781250000e+02 3.009205621853470802e+01 3.026934441924095154e+01 4.991811364889144897e+01 3.031664723157882690e+01 2.995479673892259598e+01 5.068905287981033325e+01 4.991715920343995094e+01 5.081927019357681274e+01
1.151999950408935547e+00 3.585492248535156250e+02 3.009549579769372940e+01 3.029617738723754883e+01 4.991464074701070786e+01 3.034350124001502991e+01 2.995834447070956230e+01 5.073415917158126831e+01 4.991371472924947739e+01 5.086444246768951416e+01
1.223999977111816406e+00 3.809585571289062500e+02 3.009893538057804108e+01 3.032301035523414612e+01 4.991116784140467644e+01 3.037035521864891052e+01 2.996189219877123833e+01 5.077926546335220337e+01 4.991027025878429413e+01 5.090961480140686035e+01
1.296000003814697266e+00 4.033678894042968750e+02 3.010237496346235275e+01 3.034984332323074341e+01 4.990769493579864502e+01 3.039720919728279114e+01 2.996543992310762405e+01 5.082437169551849365e+01 4.990682578459382057e+01 5.095478707551956177e+01
1.368000030517578125e+00 4.257772216796875000e+02 3.010581454634666443e+01 3.037667632102966309e+01 4.990422203391790390e+01 3.042406320571899414e+01 2.996898765861988068e+01 5.086947798728942871e+01 4.990338131040334702e+01 5.099995940923690796e+01
1.440000057220458984e+00 4.481865234375000000e+02 3.010925412178039551e+01 3.040350925922393799e+01 4.990074913203716278e+01 3.045091718435287476e+01 2.997253538668155670e+01 5.091458427906036377e+01 4.989993683993816376e+01 5.104513174295425415e+01
1.511999964714050293e+00 4.705958557128906250e+02 3.011269370466470718e+01 3.043034225702285767e+01 4.989727622270584106e+01 3.047777116298675537e+01 2.997608311474323273e+01 5.095969051122665405e+01 4.989649236947298050e+01 5.109030401706695557e+01
1.583999991416931152e+00 4.930051879882812500e+02 3.011613328754901886e+01 3.045717519521713257e+01 4.989380332082509995e+01 3.050462514162063599e+01 2.997963084280490875e+01 5.100479680299758911e+01 4.989304789155721664e+01 5.113547635078430176e+01
1.656000018119812012e+00 5.154144897460937500e+02 3.011957287043333054e+01 3.048400819301605225e+01 4.989033041894435883e+01 3.053147912025451660e+01 2.998317857086658478e+01 5.104990303516387939e+01 4.988960342109203339e+01 5.118064868450164795e+01
1.728000044822692871e+00 5.378238525390625000e+02 3.012301245331764221e+01 3.051084113121032715e+01 4.988685750961303711e+01 3.055833309888839722e+01 2.998672629892826080e+01 5.109500932693481445e+01 4.988615895062685013e+01 5.122582101821899414e+01
1.799999952316284180e+00 5.602331542968750000e+02 3.012645203620195389e+01 3.053767412900924683e+01 4.988338460773229599e+01 3.058518713712692261e+01 2.999027402698993683e+01 5.114011561870574951e+01 4.988271447271108627e+01 5.127099323272705078e+01
