Length: 90.0
Width: 85.0
Thickness: 0.2
Parameters: [(u'hippopede', (5.0, 5.0, 0.0, 3.4000000000000004, 1.0), u'empty'), (u'hippopede', (15.0, 5.0, 90.0, 3.4000000000000004, 1.0), u'empty'), (u'hippopede', (15.0, 15.0, 0.0, 3.4000000000000004, 1.0), u'empty'), (u'hippopede', (5.0, 15.0, 90.0, 3.4000000000000004, 1.0), u'empty')]
Displacement Force P2-x P2-y P1-x P1-y P3-x P3-y P4-x P4-y
0.000000000000000000e+00 -0.000000000000000000e+00 4.993193054199218750e+01 3.001711082458496094e+01 2.999392890930175781e+01 3.018895721435546875e+01 5.011113739013671875e+01 4.995891571044921875e+01 2.996026992797851562e+01 5.009738922119140625e+01
7.199999690055847168e-02 1.502363395690917969e+01 4.992952868784777820e+01 3.004419564083218575e+01 2.999641882372088730e+01 3.021619649231433868e+01 5.010862660035490990e+01 5.000375450402498245e+01 2.996276409388519824e+01 5.014244746789336205e+01
1.439999938011169434e-01 3.004726791381835938e+01 4.992712683370336890e+01 3.007128045707941055e+01 2.999890873814001679e+01 3.024343577027320862e+01 5.010611581057310104e+01 5.004859329760074615e+01 2.996525825979188085e+01 5.018750571459531784e+01
2.160000056028366089e-01 4.507089996337890625e+01 4.992472497932612896e+01 3.009836526960134506e+01 3.000139865232631564e+01 3.027067504823207855e+01 5.010360502032563090e+01 5.009343209862709045e+01 2.996775242593139410e+01 5.023256395757198334e+01
2.879999876022338867e-01 6.009453582763671875e+01 4.992232312541455030e+01 3.012545008957386017e+01 3.000388856697827578e+01 3.029791432619094849e+01 5.010109423100948334e+01 5.013827088475227356e+01 2.997024659160524607e+01 5.027762220799922943e+01
3.600000143051147461e-01 7.511817169189453125e+01 4.991992127150297165e+01 3.015253490209579468e+01 3.000637848116457462e+01 3.032515360414981842e+01 5.009858344029635191e+01 5.018310968577861786e+01 2.997274075821042061e+01 5.032268044352531433e+01
4.320000112056732178e-01 9.014179992675781250e+01 4.991751941666007042e+01 3.017961971461772919e+01 3.000886839535087347e+01 3.035239288210868835e+01 5.009607265051454306e+01 5.022794848680496216e+01 2.997523492388427258e+01 5.036773869395256042e+01
5.040000081062316895e-01 1.051654357910156250e+02 4.991511756181716919e+01 3.020670454204082489e+01 3.001135830953717232e+01 3.037963216006755829e+01 5.009356186166405678e+01 5.027278727293014526e+01 2.997772908955812454e+01 5.041279694437980652e+01
5.759999752044677734e-01 1.201890716552734375e+02 4.991271570883691311e+01 3.023378935456275940e+01 3.001384822465479374e+01 3.040687143802642822e+01 5.009105107188224792e+01 5.031762605905532837e+01 2.998022325523197651e+01 5.045785519480705261e+01
6.480000019073486328e-01 1.352127075195312500e+02 4.991031385399401188e+01 3.026087416708469391e+01 3.001633813790977001e+01 3.043411071598529816e+01 5.008854028023779392e+01 5.036246484518051147e+01 2.998271742276847363e+01 5.050291341543197632e+01
7.200000286102294922e-01 1.502363433837890625e+02 4.990791200101375580e+01 3.028795897960662842e+01 3.001882805302739143e+01 3.046134999394416809e+01 5.008602949045598507e+01 5.040730366110801697e+01 2.998521158844232559e+01 5.054797166585922241e+01
7.919999957084655762e-01 1.652599792480468750e+02 4.990551014617085457e+01 3.031504380702972412e+01 3.002131796814501286e+01 3.048858925700187683e+01 5.008351870067417622e+01 5.045214244723320007e+01 2.998770575411617756e+01 5.059302991628646851e+01
8.640000224113464355e-01 1.802835998535156250e+02 4.990310829132795334e+01 3.034212860465049744e+01 3.002380788139998913e+01 3.051582854986190796e+01 5.008100791089236736e+01 5.049698126316070557e+01 2.999019991979002953e+01 5.063808816671371460e+01
9.359999895095825195e-01 1.953072357177734375e+02 4.990070643834769726e+01 3.036921343207359314e+01 3.002629779651761055e+01 3.054306781291961670e+01 5.007849712297320366e+01 5.054182004928588867e+01 2.999269408732652664e+01 5.068314641714096069e+01
1.008000016212463379e+00 2.103308715820312500e+02 4.989830458164215088e+01 3.039629825949668884e+01 3.002878770977258682e+01 3.057030710577964783e+01 5.007598633319139481e+01 5.058665883541107178e+01 2.999518825113773346e+01 5.072820466756820679e+01
1.080000042915344238e+00 2.253545074462890625e+02 4.989590273052453995e+01 3.042338305711746216e+01 3.003127762302756310e+01 3.059754636883735657e+01 5.007347554340958595e+01 5.063149762153625488e+01 2.999768241867423058e+01 5.077326291799545288e+01
1.151999950408935547e+00 2.403781433105468750e+02 4.989350087568163872e+01 3.045046788454055786e+01 3.003376754000782967e+01 3.062478566169738770e+01 5.007096475362777710e+01 5.067633640766143799e+01 3.000017658248543739e+01 5.081832116842269897e+01
1.223999977111816406e+00 2.554017791748046875e+02 4.989109902083873749e+01 3.047755271196365356e+01 3.003625745326280594e+01 3.065202492475509644e+01 5.006845396012067795e+01 5.072117519378662109e+01 3.000267075002193451e+01 5.086337941884994507e+01
1.296000003814697266e+00 2.704254150390625000e+02 4.988869716599583626e+01 3.050463750958442688e+01 3.003874736651778221e+01 3.067926421761512756e+01 5.006594317033886909e+01 5.076601397991180420e+01 3.000516491755843163e+01 5.090843760967254639e+01
1.368000030517578125e+00 2.854490356445312500e+02 4.988629531115293503e+01 3.053172230720520020e+01 3.004123728349804878e+01 3.070650351047515869e+01 5.006343238055706024e+01 5.081085276603698730e+01 3.000765908136963844e+01 5.095349586009979248e+01
1.440000057220458984e+00 3.004726867675781250e+02 4.988389346003532410e+01 3.055880713462829590e+01 3.004372719675302505e+01 3.073374277353286743e+01 5.006092159077525139e+01 5.085569161176681519e+01 3.001015324890613556e+01 5.099855411052703857e+01
1.511999964714050293e+00 3.154963073730468750e+02 4.988149160519242287e+01 3.058589196205139160e+01 3.004621711000800133e+01 3.076098203659057617e+01 5.005841080099344254e+01 5.090053039789199829e+01 3.001264741271734238e+01 5.104361236095428467e+01
1.583999991416931152e+00 3.305199584960937500e+02 4.987908975034952164e+01 3.061297678947448730e+01 3.004870702698826790e+01 3.078822129964828491e+01 5.005590001121163368e+01 5.094536918401718140e+01 3.001514158025383949e+01 5.108867061138153076e+01
1.656000018119812012e+00 3.455435791015625000e+02 4.987668789550662041e+01 3.064006161689758301e+01 3.005119694024324417e+01 3.081546062231063843e+01 5.005338922142982483e+01 5.099020791053771973e+01 3.001763574779033661e+01 5.113372886180877686e+01
1.728000044822692871e+00 3.605671997070312500e+02 4.987428604066371918e+01 3.066714638471603394e+01 3.005368685349822044e+01 3.084269988536834717e+01 5.005087843164801598e+01 5.103504681587219238e+01 3.002012991160154343e+01 5.117878711223602295e+01
1.799999952316284180e+00 3.755908508300781250e+02 4.987188418582081795e+01 3.069423121213912964e+01 3.005617676675319672e+01 3.086993914842605591e+01 5.004836764186620712e+01 5.107988560199737549e+01 3.002262407913804054e+01 5.122384536266326904e+01
