Length: 90.0
Width: 85.0
Thickness: 0.2
Parameters: [(u'hippopede', (5.0, 5.0, 0.0, 2.4000000000000004, 2.2000000000000002), u'empty'), (u'hippopede', (15.0, 5.0, 90.0, 2.4000000000000004, 2.2000000000000002), u'empty'), (u'hippopede', (15.0, 15.0, 0.0, 2.4000000000000004, 2.2000000000000002), u'empty'), (u'hippopede', (5.0, 15.0, 90.0, 2.4000000000000004, 2.2000000000000002), u'empty')]
Displacement Force P4-x P4-y P2-x P2-y P1-x P1-y P3-x P3-y
0.000000000000000000e+00 -0.000000000000000000e+00 2.993756484985351562e+01 5.004676437377929688e+01 4.989941406250000000e+01 3.001802635192871094e+01 2.997732543945312500e+01 2.998849487304687500e+01 4.995171356201171875e+01 4.992011260986328125e+01
7.199999690055847168e-02 1.127261924743652344e+01 2.993756970669528528e+01 5.009198421239852905e+01 4.989952414943400072e+01 3.004506841115653515e+01 2.997721783554152353e+01 3.001553067006170750e+01 4.995177122969471384e+01 4.996512280032038689e+01
1.439999938011169434e-01 2.254523849487304688e+01 2.993757456353705493e+01 5.013720405101776123e+01 4.989963423636800144e+01 3.007211047038435936e+01 2.997711023162992205e+01 3.004256646707653999e+01 4.995182889737770893e+01 5.001013299077749252e+01
2.160000056028366089e-01 3.381785583496093750e+01 2.993757942037882458e+01 5.018242388963699341e+01 4.989974432330927812e+01 3.009915252774953842e+01 2.997700262771104462e+01 3.006960226595401764e+01 4.995188656506070402e+01 5.005514317750930786e+01
2.879999876022338867e-01 4.509047698974609375e+01 2.993758427722059423e+01 5.022764372825622559e+01 4.989985441023600288e+01 3.012619458884000778e+01 2.997689502380671911e+01 3.009663806110620499e+01 4.995194423274369910e+01 5.010015337169170380e+01
3.600000143051147461e-01 5.636309432983398438e+01 2.993758913406236388e+01 5.027286356687545776e+01 4.989996449719183147e+01 3.015323664247989655e+01 2.997678741987328976e+01 3.012367385625839233e+01 4.995200190041214228e+01 5.014516356587409973e+01
4.320000112056732178e-01 6.763571166992187500e+01 2.993759399090413353e+01 5.031808340549468994e+01 4.990007458411855623e+01 3.018027870357036591e+01 2.997667981596896425e+01 3.015070965886116028e+01 4.995205956810968928e+01 5.019017374515533447e+01
5.040000081062316895e-01 7.890833282470703125e+01 2.993759884774408420e+01 5.036330324411392212e+01 4.990018467104528099e+01 3.020732076466083527e+01 2.997657221206463873e+01 3.017774546146392822e+01 4.995211723577813245e+01 5.023518395423889160e+01
5.759999752044677734e-01 9.018095397949218750e+01 2.993760370458767284e+01 5.040852308273315430e+01 4.990029475797200575e+01 3.023436282575130463e+01 2.997646460816031322e+01 3.020478124916553497e+01 4.995217490347567946e+01 5.028019413352012634e+01
6.480000019073486328e-01 1.014535675048828125e+02 2.993760856142762350e+01 5.045374292135238647e+01 4.990040484489873052e+01 3.026140487194061279e+01 2.997635700425598770e+01 3.023181705176830292e+01 4.995223257114412263e+01 5.032520434260368347e+01
7.200000286102294922e-01 1.127261886596679688e+02 2.993761341827121214e+01 5.049896275997161865e+01 4.990051493188366294e+01 3.028844693303108215e+01 2.997624940029345453e+01 3.025885283946990967e+01 4.995229023881256580e+01 5.037021452188491821e+01
7.919999957084655762e-01 1.239988098144531250e+02 2.993761827511116280e+01 5.054418259859085083e+01 4.990062501875218004e+01 3.031548899412155151e+01 2.997614179644733667e+01 3.028588864207267761e+01 4.995234790653921664e+01 5.041522470116615295e+01
8.640000224113464355e-01 1.352714233398437500e+02 2.993762313195475144e+01 5.058940243721008301e+01 4.990073510573711246e+01 3.034253105521202087e+01 2.997603419248480350e+01 3.031292444467544556e+01 4.995240557420765981e+01 5.046023488044738770e+01
9.359999895095825195e-01 1.465440521240234375e+02 2.993762798879470211e+01 5.063462227582931519e+01 4.990084519272204489e+01 3.036957311630249023e+01 2.997592658863868564e+01 3.033996024727821350e+01 4.995246324187610298e+01 5.050524508953094482e+01
1.008000016212463379e+00 1.578166656494140625e+02 2.993763284563465277e+01 5.067984211444854736e+01 4.990095527959056199e+01 3.039661517739295959e+01 2.997581898467615247e+01 3.036699604988098145e+01 4.995252090954454616e+01 5.055025529861450195e+01
1.080000042915344238e+00 1.690892791748046875e+02 2.993763770248187939e+01 5.072506195306777954e+01 4.990106536657549441e+01 3.042365723848342896e+01 2.997571138083003461e+01 3.039403182268142700e+01 4.995257857721298933e+01 5.059526544809341431e+01
1.151999950408935547e+00 1.803619079589843750e+02 2.993764255932183005e+01 5.077028179168701172e+01 4.990117545344401151e+01 3.045069929957389832e+01 2.997560377686750144e+01 3.042106762528419495e+01 4.995263624493964016e+01 5.064027565717697144e+01
1.223999977111816406e+00 1.916345214843750000e+02 2.993764741616178071e+01 5.081550163030624390e+01 4.990128554042894393e+01 3.047774133086204529e+01 2.997549617302138358e+01 3.044810342788696289e+01 4.995269391254987568e+01 5.068528586626052856e+01
1.296000003814697266e+00 2.029071350097656250e+02 2.993765227300173137e+01 5.086072146892547607e+01 4.990139562729746103e+01 3.050478339195251465e+01 2.997538856905885041e+01 3.047513923048973083e+01 4.995275158027652651e+01 5.073029607534408569e+01
1.368000030517578125e+00 2.141797637939453125e+02 2.993765712984895799e+01 5.090594130754470825e+01 4.990150571428239346e+01 3.053182548284530640e+01 2.997528096521273255e+01 3.050217503309249878e+01 4.995280924800317734e+01 5.077530622482299805e+01
1.440000057220458984e+00 2.254523773193359375e+02 2.993766198668890866e+01 5.095116114616394043e+01 4.990161580126732588e+01 3.055886751413345337e+01 2.997517336113378406e+01 3.052921080589294434e+01 4.995286691561341286e+01 5.082031643390655518e+01
1.511999964714050293e+00 2.367249908447265625e+02 2.993766684352885932e+01 5.099638098478317261e+01 4.990172588825225830e+01 3.058590960502624512e+01 2.997506575728766620e+01 3.055624663829803467e+01 4.995292458334006369e+01 5.086532664299011230e+01
1.583999991416931152e+00 2.479976196289062500e+02 2.993767170036880998e+01 5.104160082340240479e+01 4.990183597500436008e+01 3.061295163631439209e+01 2.997495815344154835e+01 3.058328241109848022e+01 4.995298225106671453e+01 5.091033679246902466e+01
1.656000018119812012e+00 2.592702331542968750e+02 2.993767655721603660e+01 5.108682072162628174e+01 4.990194606198929250e+01 3.063999366760253906e+01 2.997485054959543049e+01 3.061031824350357056e+01 4.995303991867695004e+01 5.095534706115722656e+01
1.728000044822692871e+00 2.705428466796875000e+02 2.993768141405598726e+01 5.113204050064086914e+01 4.990205614897422493e+01 3.066703575849533081e+01 2.997474294551648200e+01 3.063735401630401611e+01 4.995309758640360087e+01 5.100035715103149414e+01
1.799999952316284180e+00 2.818154602050781250e+02 2.993768627089593792e+01 5.117726039886474609e+01 4.990216623595915735e+01 3.069407778978347778e+01 2.997463534167036414e+01 3.066438978910446167e+01 4.995315525401383638e+01 5.104536736011505127e+01
