Length: 90.0
Width: 85.0
Thickness: 0.2
Parameters: [(u'hippopede', (5.0, 5.0, 0.0, 4.2000000000000002, 1.2), u'empty'), (u'hippopede', (15.0, 5.0, 90.0, 4.2000000000000002, 1.2), u'empty'), (u'hippopede', (15.0, 15.0, 0.0, 4.2000000000000002, 1.2), u'empty'), (u'hippopede', (5.0, 15.0, 90.0, 4.2000000000000002, 1.2), u'empty')]
Displacement Force P1-x P1-y P4-x P4-y P3-x P3-y P2-x P2-y
0.000000000000000000e+00 -0.000000000000000000e+00 2.994744110107421875e+01 3.005310058593750000e+01 2.996205902099609375e+01 4.993222427368164062e+01 5.004965972900390625e+01 4.998445510864257812e+01 5.012816619873046875e+01 3.002710342407226562e+01
7.199999690055847168e-02 9.608592033386230469e+00 2.994840114790713415e+01 3.008023140393197536e+01 2.996296633768361062e+01 4.997722988948225975e+01 5.004874387558083981e+01 5.002935222536325455e+01 5.012717190349940211e+01 3.005394937843084335e+01
1.439999938011169434e-01 1.921718406677246094e+01 2.994936119474004954e+01 3.010736222192645073e+01 2.996387365437112749e+01 5.002223550528287888e+01 5.004782802215777338e+01 5.007424934208393097e+01 5.012617760826833546e+01 3.008079533278942108e+01
2.160000056028366089e-01 2.882577705383300781e+01 2.995032124151475728e+01 3.013449303805828094e+01 2.996478097117505968e+01 5.006724111735820770e+01 5.004691216861829162e+01 5.011914646625518799e+01 5.012518331292085350e+01 3.010764128714799881e+01
2.879999876022338867e-01 3.843436813354492188e+01 2.995128128840588033e+01 3.016162385791540146e+01 2.996568828774616122e+01 5.011224673688411713e+01 5.004599631531164050e+01 5.016404357552528381e+01 5.012418901780620217e+01 3.013448724150657654e+01
3.600000143051147461e-01 4.804296112060546875e+01 2.995224133506417274e+01 3.018875467777252197e+01 2.996659560455009341e+01 5.015725235641002655e+01 5.004508046200498939e+01 5.020894069969654083e+01 5.012319472245872021e+01 3.016133320331573486e+01
4.320000112056732178e-01 5.765155410766601562e+01 2.995320138195529580e+01 3.021588549017906189e+01 2.996750292135402560e+01 5.020225796103477478e+01 5.004416460823267698e+01 5.025383782386779785e+01 5.012220042711123824e+01 3.018817915022373199e+01
5.040000081062316895e-01 6.726014709472656250e+01 2.995416142884641886e+01 3.024301631748676300e+01 2.996841023815795779e+01 5.024726358056068420e+01 5.004324875492602587e+01 5.029873493313789368e+01 5.012120613222941756e+01 3.021502511203289032e+01
5.759999752044677734e-01 7.686873626708984375e+01 2.995512147573754191e+01 3.027014712989330292e+01 2.996931755449622869e+01 5.029226920008659363e+01 5.004233290161937475e+01 5.034363204240798950e+01 5.012021183688193560e+01 3.024187105894088745e+01
6.480000019073486328e-01 8.647733306884765625e+01 2.995608152262866497e+01 3.029727795720100403e+01 2.997022487130016088e+01 5.033727481961250305e+01 5.004141704831272364e+01 5.038852915167808533e+01 5.011921754200011492e+01 3.026871702075004578e+01
7.200000286102294922e-01 9.608592224121093750e+01 2.995704156905412674e+01 3.032440876960754395e+01 2.997113218810409307e+01 5.038228043913841248e+01 5.004050119500607252e+01 5.043342629075050354e+01 5.011822324618697166e+01 3.029556298255920410e+01
7.919999957084655762e-01 1.056945190429687500e+02 2.995800161641091108e+01 3.035153958201408386e+01 2.997203950490802526e+01 5.042728605866432190e+01 5.003958534169942141e+01 5.047832340002059937e+01 5.011722895130515099e+01 3.032240891456604004e+01
8.640000224113464355e-01 1.153031082153320312e+02 2.995896166283637285e+01 3.037867039442062378e+01 2.997294682171195745e+01 5.047229164838790894e+01 5.003866948746144772e+01 5.052322053909301758e+01 5.011623465549200773e+01 3.034925487637519836e+01
9.359999895095825195e-01 1.249117050170898438e+02 2.995992170926183462e+01 3.040580123662948608e+01 2.997385413851588964e+01 5.051729726791381836e+01 5.003775363415479660e+01 5.056811761856079102e+01 5.011524036061018705e+01 3.037610083818435669e+01
1.008000016212463379e+00 1.345202941894531250e+02 2.996088175661861897e+01 3.043293204903602600e+01 2.997476145531982183e+01 5.056230288743972778e+01 5.003683778084814548e+01 5.061301475763320923e+01 5.011424606572836637e+01 3.040294679999351501e+01
1.080000042915344238e+00 1.441288909912109375e+02 2.996184180304408073e+01 3.046006286144256592e+01 2.997566877119243145e+01 5.060730850696563721e+01 5.003592192754149437e+01 5.065791183710098267e+01 5.011325176991522312e+01 3.042979273200035095e+01
1.151999950408935547e+00 1.537374725341796875e+02 2.996280185040086508e+01 3.048719367384910583e+01 2.997657608799636364e+01 5.065231412649154663e+01 5.003500607423484325e+01 5.070280897617340088e+01 5.011225747503340244e+01 3.045663869380950928e+01
1.223999977111816406e+00 1.633460693359375000e+02 2.996376189775764942e+01 3.051432448625564575e+01 2.997748340480029583e+01 5.069731974601745605e+01 5.003409022092819214e+01 5.074770611524581909e+01 5.011126318015158176e+01 3.048348465561866760e+01
1.296000003814697266e+00 1.729546661376953125e+02 2.996472194418311119e+01 3.054145532846450806e+01 2.997839072160422802e+01 5.074232536554336548e+01 5.003317436762154102e+01 5.079260319471359253e+01 5.011026888526976109e+01 3.051033061742782593e+01
1.368000030517578125e+00 1.825632629394531250e+02 2.996568199060857296e+01 3.056858611106872559e+01 2.997929803840816021e+01 5.078733098506927490e+01 5.003225851431488991e+01 5.083750033378601074e+01 5.010927458852529526e+01 3.053717654943466187e+01
1.440000057220458984e+00 1.921718444824218750e+02 2.996664203703403473e+01 3.059571695327758789e+01 2.998020535521209240e+01 5.083233660459518433e+01 5.003134266100823879e+01 5.088239747285842896e+01 5.010828029364347458e+01 3.056402254104614258e+01
1.511999964714050293e+00 2.017804412841796875e+02 2.996760208345949650e+01 3.062284779548645020e+01 2.998111267201602459e+01 5.087734222412109375e+01 5.003042680770158768e+01 5.092729455232620239e+01 5.010728599876165390e+01 3.059086847305297852e+01
1.583999991416931152e+00 2.113890380859375000e+02 2.996856213174760342e+01 3.064997857809066772e+01 2.998201998881995678e+01 5.092234784364700317e+01 5.002951095439493656e+01 5.097219169139862061e+01 5.010629170387983322e+01 3.061771440505981445e+01
1.656000018119812012e+00 2.209976196289062500e+02 2.996952217817306519e+01 3.067710942029953003e+01 2.998292730562388897e+01 5.096735346317291260e+01 5.002859509922564030e+01 5.101708877086639404e+01 5.010529740899801254e+01 3.064456039667129517e+01
1.728000044822692871e+00 2.306062164306640625e+02 2.997048222459852695e+01 3.070424020290374756e+01 2.998383462242782116e+01 5.101235902309417725e+01 5.002767924591898918e+01 5.106198596954345703e+01 5.010430311225354671e+01 3.067140632867813110e+01
1.799999952316284180e+00 2.402148132324218750e+02 2.997144227102398872e+01 3.073137104511260986e+01 2.998474193923175335e+01 5.105736470222473145e+01 5.002676339261233807e+01 5.110688304901123047e+01 5.010330881737172604e+01 3.069825226068496704e+01
