Length: 90.0
Width: 85.0
Thickness: 0.2
Parameters: [(u'hippopede', (5.0, 5.0, 0.0, 3.6000000000000001, 2.4000000000000004), u'empty'), (u'hippopede', (15.0, 5.0, 90.0, 3.6000000000000001, 2.4000000000000004), u'empty'), (u'hippopede', (15.0, 15.0, 0.0, 3.6000000000000001, 2.4000000000000004), u'empty'), (u'hippopede', (5.0, 15.0, 90.0, 3.6000000000000001, 2.4000000000000004), u'empty')]
Displacement Force P3-x P3-y P1-x P1-y P2-x P2-y P4-x P4-y
0.000000000000000000e+00 -0.000000000000000000e+00 5.005568313598632812e+01 5.005966567993164062e+01 2.997857475280761719e+01 3.000692558288574219e+01 5.005239486694335938e+01 3.001783370971679688e+01 2.995525741577148438e+01 5.003359985351562500e+01
7.199999690055847168e-02 2.416332006454467773e+00 5.006614983081817627e+01 5.010693124681711197e+01 2.996837669145315886e+01 3.003151360340416431e+01 5.005948198214173317e+01 3.004137302935123444e+01 2.994837936805561185e+01 5.008202979341149330e+01
1.439999938011169434e-01 4.832664012908935547e+00 5.007661652565002441e+01 5.015419681370258331e+01 2.995817863009870052e+01 3.005610162392258644e+01 5.006656909734010696e+01 3.006491234898567200e+01 2.994150132033973932e+01 5.013045973330736160e+01
2.160000056028366089e-01 7.248996257781982422e+00 5.008708322048187256e+01 5.020146237313747406e+01 2.994798056967556477e+01 3.008068964630365372e+01 5.007365621253848076e+01 3.008845166862010956e+01 2.993462327308952808e+01 5.017888967692852020e+01
2.879999876022338867e-01 9.665328025817871094e+00 5.009754991531372070e+01 5.024872794747352600e+01 2.993778250738978386e+01 3.010527766495943069e+01 5.008074332773685455e+01 3.011199098825454712e+01 2.992774522490799427e+01 5.022731961309909821e+01
3.600000143051147461e-01 1.208166027069091797e+01 5.010801661014556885e+01 5.029599350690841675e+01 2.992758444696664810e+01 3.012986569106578827e+01 5.008783044293522835e+01 3.013553031533956528e+01 2.992086717858910561e+01 5.027574956417083740e+01
4.320000112056732178e-01 1.449799251556396484e+01 5.011848330497741699e+01 5.034325906634330750e+01 2.991738638654351234e+01 3.015445370972156525e+01 5.009491755813360214e+01 3.015906962752342224e+01 2.991398913040757179e+01 5.032417950034141541e+01
5.040000081062316895e-01 1.691432380676269531e+01 5.012894999980926514e+01 5.039052462577819824e+01 2.990718832612037659e+01 3.017904172837734222e+01 5.010200467333197594e+01 3.018260894715785980e+01 2.990711108222603798e+01 5.037260943651199341e+01
5.759999752044677734e-01 1.933065605163574219e+01 5.013941669464111328e+01 5.043779021501541138e+01 2.989699026197195053e+01 3.020362974703311920e+01 5.010909178853034973e+01 3.020614826679229736e+01 2.990023303404450417e+01 5.042103937268257141e+01
6.480000019073486328e-01 2.174698829650878906e+01 5.014988338947296143e+01 5.048505577445030212e+01 2.988679219782352448e+01 3.022821776568889618e+01 5.011617890745401382e+01 3.022968760132789612e+01 2.989335498586297035e+01 5.046946933865547180e+01
7.200000286102294922e-01 2.416332054138183594e+01 5.016035008430480957e+01 5.053232133388519287e+01 2.987659414112567902e+01 3.025280579924583435e+01 5.012326601892709732e+01 3.025322692096233368e+01 2.988647694140672684e+01 5.051789927482604980e+01
7.919999957084655762e-01 2.657965278625488281e+01 5.017081677913665771e+01 5.057958692312240601e+01 2.986639607697725296e+01 3.027739381790161133e+01 5.013035313785076141e+01 3.027676624059677124e+01 2.987959889322519302e+01 5.056632918119430542e+01
8.640000224113464355e-01 2.899598503112792969e+01 5.018128347396850586e+01 5.062685245275497437e+01 2.985619802027940750e+01 3.030198183655738831e+01 5.013744024932384491e+01 3.030030554533004761e+01 2.987272084504365921e+01 5.061475914716720581e+01
9.359999895095825195e-01 3.141231727600097656e+01 5.019175016880035400e+01 5.067411804199218750e+01 2.984599995613098145e+01 3.032656985521316528e+01 5.014452736824750900e+01 3.032384487986564636e+01 2.986584279686212540e+01 5.066318911314010620e+01
1.008000016212463379e+00 3.382864761352539062e+01 5.020221686363220215e+01 5.072138357162475586e+01 2.983580189943313599e+01 3.035115787386894226e+01 5.015161447972059250e+01 3.034738418459892273e+01 2.985896474868059158e+01 5.071161901950836182e+01
1.080000042915344238e+00 3.624497985839843750e+01 5.021268355846405029e+01 5.076864916086196899e+01 2.982560382783412933e+01 3.037574589252471924e+01 5.015870159864425659e+01 3.037092351913452148e+01 2.985208670049905777e+01 5.076004898548126221e+01
1.151999950408935547e+00 3.866131210327148438e+01 5.022315025329589844e+01 5.081591475009918213e+01 2.981540577113628387e+01 3.040033391118049622e+01 5.016578871011734009e+01 3.039446282386779785e+01 2.984520865231752396e+01 5.080847889184951782e+01
1.223999977111816406e+00 4.107764434814453125e+01 5.023361694812774658e+01 5.086318027973175049e+01 2.980520771443843842e+01 3.042492192983627319e+01 5.017287582904100418e+01 3.041800215840339661e+01 2.983833060413599014e+01 5.085690885782241821e+01
1.296000003814697266e+00 4.349397659301757812e+01 5.024408364295959473e+01 5.091044586896896362e+01 2.979500964283943176e+01 3.044950994849205017e+01 5.017996294796466827e+01 3.044154149293899536e+01 2.983145255595445633e+01 5.090533882379531860e+01
1.368000030517578125e+00 4.591030883789062500e+01 5.025455033779144287e+01 5.095771139860153198e+01 2.978481158614158630e+01 3.047409796714782715e+01 5.018705005943775177e+01 3.046508079767227173e+01 2.982457451522350311e+01 5.095376873016357422e+01
1.440000057220458984e+00 4.832664108276367188e+01 5.026501703262329102e+01 5.100497698783874512e+01 2.977461352944374084e+01 3.049868601560592651e+01 5.019413717091083527e+01 3.048862013220787048e+01 2.981769646704196930e+01 5.100219869613647461e+01
1.511999964714050293e+00 5.074297332763671875e+01 5.027548372745513916e+01 5.105224257707595825e+01 2.976441547274589539e+01 3.052327400445938110e+01 5.020122428238391876e+01 3.051215943694114685e+01 2.981081841886043549e+01 5.105062866210937500e+01
1.583999991416931152e+00 5.315930557250976562e+01 5.028595042228698730e+01 5.109950816631317139e+01 2.975421740114688873e+01 3.054786205291748047e+01 5.020831140875816345e+01 3.053569877147674561e+01 2.980394037067890167e+01 5.109905850887298584e+01
1.656000018119812012e+00 5.557563781738281250e+01 5.029641711711883545e+01 5.114677369594573975e+01 2.974401934444904327e+01 3.057245004177093506e+01 5.021539852023124695e+01 3.055923807621002197e+01 2.979706232249736786e+01 5.114748847484588623e+01
1.728000044822692871e+00 5.799197006225585938e+01 5.030688381195068359e+01 5.119403922557830811e+01 2.973382128775119781e+01 3.059703809022903442e+01 5.022248563170433044e+01 3.058277738094329834e+01 2.979018427431583405e+01 5.119591844081878662e+01
1.799999952316284180e+00 6.040830230712890625e+01 5.031735050678253174e+01 5.124130475521087646e+01 2.972362321615219116e+01 3.062162607908248901e+01 5.022957274317741394e+01 3.060631674528121948e+01 2.978330622613430023e+01 5.124434840679168701e+01
