Length: 90.0
Width: 85.0
Thickness: 0.2
Parameters: [(u'hippopede', (5.0, 5.0, 0.0, 2.4000000000000004, 1.2), u'empty'), (u'hippopede', (15.0, 5.0, 90.0, 2.4000000000000004, 1.2), u'empty'), (u'hippopede', (15.0, 15.0, 0.0, 2.4000000000000004, 1.2), u'empty'), (u'hippopede', (5.0, 15.0, 90.0, 2.4000000000000004, 1.2), u'empty')]
Displacement Force P2-x P2-y P4-x P4-y P3-x P3-y P1-x P1-y
0.000000000000000000e+00 -0.000000000000000000e+00 5.014657592773437500e+01 3.002032470703125000e+01 3.007187271118164062e+01 5.018874359130859375e+01 5.001203155517578125e+01 5.006191253662109375e+01 2.998371505737304688e+01 2.987361907958984375e+01
7.199999690055847168e-02 1.780462646484375000e+01 5.014374138182029128e+01 3.004726794920861721e+01 3.007461797608993948e+01 5.023388877138495445e+01 5.000929810153320432e+01 5.010691605508327484e+01 2.998643658799119294e+01 2.990056037716567516e+01
1.439999938011169434e-01 3.560925292968750000e+01 5.014090683590620756e+01 3.007421119138598442e+01 3.007736324099823833e+01 5.027903395146131516e+01 5.000656464789062738e+01 5.015191957354545593e+01 2.998915811860933900e+01 2.992750167474150658e+01
2.160000056028366089e-01 5.341387939453125000e+01 5.013807228952646255e+01 3.010115443170070648e+01 3.008010850567370653e+01 5.032417912781238556e+01 5.000383119471371174e+01 5.019692309200763702e+01 2.999187964852899313e+01 2.995444297045469284e+01
2.879999876022338867e-01 7.121850585937500000e+01 5.013523774407804012e+01 3.012809767574071884e+01 3.008285377081483603e+01 5.036932431161403656e+01 5.000109774060547352e+01 5.024192661046981812e+01 2.999460117984563112e+01 2.998138426989316940e+01
3.600000143051147461e-01 8.902313232421875000e+01 5.013240319769829512e+01 3.015504091978073120e+01 3.008559903502464294e+01 5.041446949541568756e+01 4.999836428742855787e+01 5.028693014383316040e+01 2.999732271023094654e+01 3.000832556188106537e+01
4.320000112056732178e-01 1.068277587890625000e+02 5.012956865131855011e+01 3.018198415637016296e+01 3.008834430016577244e+01 5.045961466431617737e+01 4.999563083425164223e+01 5.033193364739418030e+01 3.000004423968493938e+01 3.003526686131954193e+01
5.040000081062316895e-01 1.246323852539062500e+02 5.012673410587012768e+01 3.020892740786075592e+01 3.009108956530690193e+01 5.050475984811782837e+01 4.999289738014340401e+01 5.037693718075752258e+01 3.000276577100157738e+01 3.006220816075801849e+01
5.759999752044677734e-01 1.424370117187500000e+02 5.012389956042170525e+01 3.023587064445018768e+01 3.009383483044803143e+01 5.054990503191947937e+01 4.999016392603516579e+01 5.042194068431854248e+01 3.000548730231821537e+01 3.008914946019649506e+01
6.480000019073486328e-01 1.602416381835937500e+02 5.012106501497328281e+01 3.026281389594078064e+01 3.009658009372651577e+01 5.059505021572113037e+01 4.998743047378957272e+01 5.046694421768188477e+01 3.000820883177220821e+01 3.011609075963497162e+01
7.200000286102294922e-01 1.780462646484375000e+02 5.011823046766221523e+01 3.028975713253021240e+01 3.009932535886764526e+01 5.064019539952278137e+01 4.998469701968133450e+01 5.051194775104522705e+01 3.001093036308884621e+01 3.014303204417228699e+01
7.919999957084655762e-01 1.958508911132812500e+02 5.011539592221379280e+01 3.031670036911964417e+01 3.010207062400877476e+01 5.068534058332443237e+01 4.998196356557309628e+01 5.055695125460624695e+01 3.001365189254283905e+01 3.016997334361076355e+01
8.640000224113464355e-01 2.136555175781250000e+02 5.011256137490272522e+01 3.034364360570907593e+01 3.010481588914990425e+01 5.073048573732376099e+01 4.997923011332750320e+01 5.060195475816726685e+01 3.001637342199683189e+01 3.019691464304924011e+01
9.359999895095825195e-01 2.314601440429687500e+02 5.010972683131694794e+01 3.037058687210083008e+01 3.010756115242838860e+01 5.077563095092773438e+01 4.997649665921926498e+01 5.064695829153060913e+01 3.001909495517611504e+01 3.022385594248771667e+01
1.008000016212463379e+00 2.492647705078125000e+02 5.010689228400588036e+01 3.039753010869026184e+01 3.011030641943216324e+01 5.082077610492706299e+01 4.997376320511102676e+01 5.069196182489395142e+01 3.002181648463010788e+01 3.025079724192619324e+01
1.080000042915344238e+00 2.670693969726562500e+02 5.010405774042010307e+01 3.042447334527969360e+01 3.011305168271064758e+01 5.086592131853103638e+01 4.997102975100278854e+01 5.073696535825729370e+01 3.002453801408410072e+01 3.027773854136466980e+01
1.151999950408935547e+00 2.848740234375000000e+02 5.010122319310903549e+01 3.045141658186912537e+01 3.011579694971442223e+01 5.091106647253036499e+01 4.996829629689455032e+01 5.078196883201599121e+01 3.002725954726338387e+01 3.030467984080314636e+01
1.223999977111816406e+00 3.026786499023437500e+02 5.009838864579796791e+01 3.047835984826087952e+01 3.011854221299290657e+01 5.095621168613433838e+01 4.996556284278631210e+01 5.082697236537933350e+01 3.002998107671737671e+01 3.033162114024162292e+01
1.296000003814697266e+00 3.204832763671875000e+02 5.009555410221219063e+01 3.050530308485031128e+01 3.012128747627139091e+01 5.100135684013366699e+01 4.996282939240336418e+01 5.087197589874267578e+01 3.003270260617136955e+01 3.035856243968009949e+01
1.368000030517578125e+00 3.382879028320312500e+02 5.009271955490112305e+01 3.053224629163742065e+01 3.012403274327516556e+01 5.104650205373764038e+01 4.996009593829512596e+01 5.091697943210601807e+01 3.003542413562536240e+01 3.038550370931625366e+01
1.440000057220458984e+00 3.560925292968750000e+02 5.008988500759005547e+01 3.055918955802917480e+01 3.012677800655364990e+01 5.109164720773696899e+01 4.995736248418688774e+01 5.096198296546936035e+01 3.003814566880464554e+01 3.041244500875473022e+01
1.511999964714050293e+00 3.738971557617187500e+02 5.008705046400427818e+01 3.058613282442092896e+01 3.012952327355742455e+01 5.113679242134094238e+01 4.995462903007864952e+01 5.100698643922805786e+01 3.004086719825863838e+01 3.043938630819320679e+01
1.583999991416931152e+00 3.917017822265625000e+02 5.008421591669321060e+01 3.061307603120803833e+01 3.013226853683590889e+01 5.118193757534027100e+01 4.995189557597041130e+01 5.105198997259140015e+01 3.004358872771263123e+01 3.046632760763168335e+01
1.656000018119812012e+00 4.095064086914062500e+02 5.008138137310743332e+01 3.064001929759979248e+01 3.013501380383968353e+01 5.122708272933959961e+01 4.994916212558746338e+01 5.109699344635009766e+01 3.004631026089191437e+01 3.049326890707015991e+01
1.728000044822692871e+00 4.273110351562500000e+02 5.007854682207107544e+01 3.066696250438690186e+01 3.013775906711816788e+01 5.127222788333892822e+01 4.994642867147922516e+01 5.114199697971343994e+01 3.004903178662061691e+01 3.052021020650863647e+01
1.799999952316284180e+00 4.451156616210937500e+02 5.007571227848529816e+01 3.069390577077865601e+01 3.014050433039665222e+01 5.131737315654754639e+01 4.994369521737098694e+01 5.118700051307678223e+01 3.005175331979990005e+01 3.054715150594711304e+01
