Length: 90.0
Width: 85.0
Thickness: 0.2
Parameters: [(u'hippopede', (5.0, 5.0, 0.0, 2.6000000000000001, 2.4000000000000004), u'empty'), (u'hippopede', (15.0, 5.0, 90.0, 2.6000000000000001, 2.4000000000000004), u'empty'), (u'hippopede', (15.0, 15.0, 0.0, 2.6000000000000001, 2.4000000000000004), u'empty'), (u'hippopede', (5.0, 15.0, 90.0, 2.6000000000000001, 2.4000000000000004), u'empty')]
Displacement Force P2-x P2-y P1-x P1-y P3-x P3-y P4-x P4-y
0.000000000000000000e+00 -0.000000000000000000e+00 4.995439529418945312e+01 2.999351119995117188e+01 3.004240798950195312e+01 3.004308509826660156e+01 5.003622817993164062e+01 4.984386444091796875e+01 2.996575546264648438e+01 4.991325378417968750e+01
7.199999690055847168e-02 8.648063659667968750e+00 4.995583730435464531e+01 3.002026281692087650e+01 3.004089057538658381e+01 3.006984382495284081e+01 5.003758699889294803e+01 4.988892066478729248e+01 2.996422162663657218e+01 4.995860336348414421e+01
1.439999938011169434e-01 1.729612731933593750e+01 4.995727931451983750e+01 3.004701443389058113e+01 3.003937316127121449e+01 3.009660255163908005e+01 5.003894581785425544e+01 4.993397688865661621e+01 2.996268779062665999e+01 5.000395294278860092e+01
2.160000056028366089e-01 2.594419288635253906e+01 4.995872132480144501e+01 3.007376605272293091e+01 3.003785574715584517e+01 3.012336127460002899e+01 5.004030463658273220e+01 4.997903311252593994e+01 2.996115395473316312e+01 5.004930251836776733e+01
2.879999876022338867e-01 3.459225463867187500e+01 4.996016333485022187e+01 3.010051766782999039e+01 3.003633833304047585e+01 3.015012000501155853e+01 5.004166345577687025e+01 5.002408933639526367e+01 2.995962011860683560e+01 5.009465210139751434e+01
3.600000143051147461e-01 4.324032211303710938e+01 4.996160534489899874e+01 3.012726928293704987e+01 3.003482091892510653e+01 3.017687873542308807e+01 5.004302227450534701e+01 5.006914556026458740e+01 2.995808628294616938e+01 5.014000168442726135e+01
4.320000112056732178e-01 5.188838577270507812e+01 4.996304735541343689e+01 3.015402090549468994e+01 3.003330350480973721e+01 3.020363745093345642e+01 5.004438109323382378e+01 5.011420178413391113e+01 2.995655244681984186e+01 5.018535125255584717e+01
5.040000081062316895e-01 6.053644943237304688e+01 4.996448936499655247e+01 3.018077252805233002e+01 3.003178609069436789e+01 3.023039618134498596e+01 5.004573991242796183e+01 5.015925800800323486e+01 2.995501861069351435e+01 5.023070082068443298e+01
5.759999752044677734e-01 6.918450927734375000e+01 4.996593137551099062e+01 3.020752413570880890e+01 3.003026867657899857e+01 3.025715491175651550e+01 5.004709873162209988e+01 5.020431423187255859e+01 2.995348477456718683e+01 5.027605041861534119e+01
6.480000019073486328e-01 7.783258056640625000e+01 4.996737338602542877e+01 3.023427575826644897e+01 3.002875126246362925e+01 3.028391364216804504e+01 5.004845754988491535e+01 5.024937045574188232e+01 2.995195093844085932e+01 5.032139998674392700e+01
7.200000286102294922e-01 8.648064422607421875e+01 4.996881539560854435e+01 3.026102736592292786e+01 3.002723384834825993e+01 3.031067237257957458e+01 5.004981636907905340e+01 5.029442667961120605e+01 2.995041710324585438e+01 5.036674958467483521e+01
7.919999957084655762e-01 9.512870788574218750e+01 4.997025740705430508e+01 3.028777900338172913e+01 3.002571643330156803e+01 3.033743107318878174e+01 5.005117518827319145e+01 5.033948290348052979e+01 2.994888326711952686e+01 5.041209915280342102e+01
8.640000224113464355e-01 1.037767715454101562e+02 4.997169941663742065e+01 3.031453061103820801e+01 3.002419902011752129e+01 3.036418980360031128e+01 5.005253400653600693e+01 5.038453912734985352e+01 2.994734943099319935e+01 5.045744872093200684e+01
9.359999895095825195e-01 1.124248352050781250e+02 4.997314142622053623e+01 3.034128221869468689e+01 3.002268160507082939e+01 3.039094853401184082e+01 5.005389282666146755e+01 5.042959535121917725e+01 2.994581559486687183e+01 5.050279831886291504e+01
1.008000016212463379e+00 1.210728988647460938e+02 4.997458343580365181e+01 3.036803385615348816e+01 3.002116419188678265e+01 3.041770726442337036e+01 5.005525164492428303e+01 5.047465157508850098e+01 2.994428175874054432e+01 5.054814785718917847e+01
1.080000042915344238e+00 1.297209625244140625e+02 4.997602544724941254e+01 3.039478546380996704e+01 3.001964677684009075e+01 3.044446599483489990e+01 5.005661046318709850e+01 5.051970779895782471e+01 2.994274792261421680e+01 5.059349745512008667e+01
1.151999950408935547e+00 1.383690185546875000e+02 4.997746745683252811e+01 3.042153707146644592e+01 3.001812936365604401e+01 3.047122472524642944e+01 5.005796928331255913e+01 5.056476402282714844e+01 2.994121408648788929e+01 5.063884705305099487e+01
1.223999977111816406e+00 1.470170898437500000e+02 4.997890946641564369e+01 3.044828870892524719e+01 3.001661194860935211e+01 3.049798345565795898e+01 5.005932810157537460e+01 5.060982024669647217e+01 2.993968025036156178e+01 5.068419665098190308e+01
1.296000003814697266e+00 1.556651611328125000e+02 4.998035147786140442e+01 3.047504031658172607e+01 3.001509453542530537e+01 3.052474218606948853e+01 5.006068691983819008e+01 5.065487647056579590e+01 2.993814641423523426e+01 5.072954618930816650e+01
1.368000030517578125e+00 1.643132171630859375e+02 4.998179348744452000e+01 3.050179195404052734e+01 3.001357712037861347e+01 3.055150091648101807e+01 5.006204573996365070e+01 5.069993269443511963e+01 2.993661257810890675e+01 5.077489578723907471e+01
1.440000057220458984e+00 1.729612884521484375e+02 4.998323549702763557e+01 3.052854353189468384e+01 3.001205970719456673e+01 3.057825964689254761e+01 5.006340455822646618e+01 5.074498891830444336e+01 2.993507874384522438e+01 5.082024538516998291e+01
1.511999964714050293e+00 1.816093444824218750e+02 4.998467750847339630e+01 3.055529516935348511e+01 3.001054229214787483e+01 3.060501837730407715e+01 5.006476337648928165e+01 5.079004514217376709e+01 2.993354490771889687e+01 5.086559492349624634e+01
1.583999991416931152e+00 1.902574157714843750e+02 4.998611951991915703e+01 3.058204680681228638e+01 3.000902487710118294e+01 3.063177704811096191e+01 5.006612219661474228e+01 5.083510136604309082e+01 2.993201107159256935e+01 5.091094452142715454e+01
1.656000018119812012e+00 1.989054718017578125e+02 4.998756152763962746e+01 3.060879838466644287e+01 3.000750746577978134e+01 3.065853577852249146e+01 5.006748101487755775e+01 5.088015758991241455e+01 2.993047723546624184e+01 5.095629405975341797e+01
1.728000044822692871e+00 2.075535430908203125e+02 4.998900353908538818e+01 3.063555002212524414e+01 3.000599005073308945e+01 3.068529450893402100e+01 5.006883983314037323e+01 5.092521381378173828e+01 2.992894339933991432e+01 5.100164365768432617e+01
1.799999952316284180e+00 2.162015991210937500e+02 4.999044555053114891e+01 3.066230165958404541e+01 3.000447263568639755e+01 3.071205323934555054e+01 5.007019865140318871e+01 5.097027003765106201e+01 2.992740956321358681e+01 5.104699325561523438e+01
