Length: 90.0
Width: 85.0
Thickness: 0.2
Parameters: [(u'hippopede', (5.0, 5.0, 0.0, 3.8000000000000003, 1.2), u'empty'), (u'hippopede', (15.0, 5.0, 90.0, 3.8000000000000003, 1.2), u'empty'), (u'hippopede', (15.0, 15.0, 0.0, 3.8000000000000003, 1.2), u'empty'), (u'hippopede', (5.0, 15.0, 90.0, 3.8000000000000003, 1.2), u'empty')]
Displacement Force P4-x P4-y P1-x P1-y P3-x P3-y P2-x P2-y
0.000000000000000000e+00 -0.000000000000000000e+00 2.993748855590820312e+01 5.007863998413085938e+01 3.000820350646972656e+01 3.000209617614746094e+01 4.997816467285156250e+01 4.995484161376953125e+01 4.990478515625000000e+01 3.007434082031250000e+01
7.199999690055847168e-02 1.128595161437988281e+01 2.993904346111230552e+01 5.012371533364057541e+01 3.000961759069468826e+01 3.002916459925472736e+01 4.997672485676594079e+01 4.999975593015551567e+01 4.990342352830339223e+01 3.010152821429073811e+01
1.439999938011169434e-01 2.257190322875976562e+01 2.994059836631640792e+01 5.016879068315029144e+01 3.001103167491964996e+01 3.005623302236199379e+01 4.997528504068031907e+01 5.004467024654150009e+01 4.990206190035678446e+01 3.012871560826897621e+01
2.160000056028366089e-01 3.385785675048828125e+01 2.994215327128767967e+01 5.021386602520942688e+01 3.001244575902819633e+01 3.008330143988132477e+01 4.997384522436186671e+01 5.008958455920219421e+01 4.990070027206093073e+01 3.015590300410985947e+01
2.879999876022338867e-01 4.514380645751953125e+01 2.994370817672461271e+01 5.025894138216972351e+01 3.001385984336957335e+01 3.011036986857652664e+01 4.997240540850907564e+01 5.013449887931346893e+01 4.989933864446356893e+01 3.018309039622545242e+01
3.600000143051147461e-01 5.642975997924804688e+01 2.994526308169588447e+01 5.030401672422885895e+01 3.001527392724528909e+01 3.013743828237056732e+01 4.997096559219062328e+01 5.017941319942474365e+01 4.989797701640054584e+01 3.021027779579162598e+01
4.320000112056732178e-01 6.771571350097656250e+01 2.994681798666715622e+01 5.034909206628799438e+01 3.001668801158666611e+01 3.016450670361518860e+01 4.996952577587217093e+01 5.022432750463485718e+01 4.989661538787186146e+01 3.023746518790721893e+01
5.040000081062316895e-01 7.900166320800781250e+01 2.994837289210408926e+01 5.039416742324829102e+01 3.001810209546238184e+01 3.019157513976097107e+01 4.996808596048504114e+01 5.026924180984497070e+01 4.989525375980883837e+01 3.026465258002281189e+01
5.759999752044677734e-01 9.028761291503906250e+01 2.994992779754102230e+01 5.043924278020858765e+01 3.001951618026942015e+01 3.021864356100559235e+01 4.996664614416658878e+01 5.031415614485740662e+01 4.989389213267713785e+01 3.029183997213840485e+01
6.480000019073486328e-01 1.015735626220703125e+02 2.995148270204663277e+01 5.048431813716888428e+01 3.002093026414513588e+01 3.024571198225021362e+01 4.996520632784813643e+01 5.035907045006752014e+01 4.989253050461411476e+01 3.031902736425399780e+01
7.200000286102294922e-01 1.128595199584960938e+02 2.995303760748356581e+01 5.052939346432685852e+01 3.002234434802085161e+01 3.027278038859367371e+01 4.996376651152968407e+01 5.040398478507995605e+01 4.989116887655109167e+01 3.034621477127075195e+01
7.919999957084655762e-01 1.241454696655273438e+02 2.995459251292049885e+01 5.057446882128715515e+01 3.002375843282788992e+01 3.029984882473945618e+01 4.996232669614255428e+01 5.044889909029006958e+01 4.988980724848806858e+01 3.037340214848518372e+01
8.640000224113464355e-01 1.354314270019531250e+02 2.995614741742610931e+01 5.061954414844512939e+01 3.002517251670360565e+01 3.032691723108291626e+01 4.996088687889277935e+01 5.049381339550018311e+01 4.988844561949372292e+01 3.040058955550193787e+01
9.359999895095825195e-01 1.467173767089843750e+02 2.995770232379436493e+01 5.066461950540542603e+01 3.002658660151064396e+01 3.035398566722869873e+01 4.995944706350564957e+01 5.053872770071029663e+01 4.988708399236202240e+01 3.042777693271636963e+01
1.008000016212463379e+00 1.580033264160156250e+02 2.995925722829997540e+01 5.070969486236572266e+01 3.002800068445503712e+01 3.038105410337448120e+01 4.995800724811851978e+01 5.058364200592041016e+01 4.988572236336767673e+01 3.045496433973312378e+01
1.080000042915344238e+00 1.692892761230468750e+02 2.996081213280558586e+01 5.075477021932601929e+01 3.002941476926207542e+01 3.040812250971794128e+01 4.995656743086874485e+01 5.062855637073516846e+01 4.988436073623597622e+01 3.048215171694755554e+01
1.151999950408935547e+00 1.805752258300781250e+02 2.996236703917384148e+01 5.079984557628631592e+01 3.003082885406911373e+01 3.043519094586372375e+01 4.995512761548161507e+01 5.067347067594528198e+01 4.988299910910427570e+01 3.050933912396430969e+01
1.223999977111816406e+00 1.918611755371093750e+02 2.996392194367945194e+01 5.084492093324661255e+01 3.003224293701350689e+01 3.046225935220718384e+01 4.995368779823184013e+01 5.071838498115539551e+01 4.988163748010993004e+01 3.053652653098106384e+01
1.296000003814697266e+00 2.031471252441406250e+02 2.996547684818506241e+01 5.088999629020690918e+01 3.003365702182054520e+01 3.048932778835296631e+01 4.995224798284471035e+01 5.076329928636550903e+01 4.988027585297822952e+01 3.056371390819549561e+01
1.368000030517578125e+00 2.144330749511718750e+02 2.996703175455331802e+01 5.093507158756256104e+01 3.003507110662758350e+01 3.051639622449874878e+01 4.995080816745758057e+01 5.080821359157562256e+01 4.987891422398388386e+01 3.059090131521224976e+01
1.440000057220458984e+00 2.257190399169921875e+02 2.996858665905892849e+01 5.098014694452285767e+01 3.003648518957197666e+01 3.054346460103988647e+01 4.994936835020780563e+01 5.085312795639038086e+01 4.987755259685218334e+01 3.061808872222900391e+01
1.511999964714050293e+00 2.370049896240234375e+02 2.997014156356453896e+01 5.102522230148315430e+01 3.003789927437901497e+01 3.057053303718566895e+01 4.994792853482067585e+01 5.089804226160049438e+01 4.987619096785783768e+01 3.064527606964111328e+01
1.583999991416931152e+00 2.482909393310546875e+02 2.997169646993279457e+01 5.107029765844345093e+01 3.003931335918605328e+01 3.059760147333145142e+01 4.994648871943354607e+01 5.094295656681060791e+01 4.987482934072613716e+01 3.067246347665786743e+01
1.656000018119812012e+00 2.595768737792968750e+02 2.997325137630105019e+01 5.111537301540374756e+01 3.004072744399309158e+01 3.062466990947723389e+01 4.994504890218377113e+01 5.098787093162536621e+01 4.987346771359443665e+01 3.069965088367462158e+01
1.728000044822692871e+00 2.708628540039062500e+02 2.997480627894401550e+01 5.116044831275939941e+01 3.004214152693748474e+01 3.065173828601837158e+01 4.994360908493399620e+01 5.103278517723083496e+01 4.987210608273744583e+01 3.072683829069137573e+01
1.799999952316284180e+00 2.821488037109375000e+02 2.997636118531227112e+01 5.120552372932434082e+01 3.004355560988187790e+01 3.067880672216415405e+01 4.994216927140951157e+01 5.107769954204559326e+01 4.987074445560574532e+01 3.075402569770812988e+01
