Length: 90.0
Width: 85.0
Thickness: 0.2
Parameters: [(u'hippopede', (5.0, 5.0, 0.0, 2.0, 1.6000000000000001), u'empty'), (u'hippopede', (15.0, 5.0, 90.0, 2.0, 1.6000000000000001), u'empty'), (u'hippopede', (15.0, 15.0, 0.0, 2.0, 1.6000000000000001), u'empty'), (u'hippopede', (5.0, 15.0, 90.0, 2.0, 1.6000000000000001), u'empty')]
Displacement Force P2-x P2-y P4-x P4-y P3-x P3-y P1-x P1-y
0.000000000000000000e+00 -0.000000000000000000e+00 5.002207565307617188e+01 3.005948829650878906e+01 3.009028053283691406e+01 4.998936462402343750e+01 4.984217071533203125e+01 5.014662933349609375e+01 2.989646148681640625e+01 2.999974441528320312e+01
7.199999690055847168e-02 1.765423965454101562e+01 5.001974058244377375e+01 3.008652395382523537e+01 3.009256648691371083e+01 5.003429597616195679e+01 4.983997446252033114e+01 5.019177693128585815e+01 2.989884395198896527e+01 3.002689930237829685e+01
1.439999938011169434e-01 3.530847930908203125e+01 5.001740551181137562e+01 3.011355961114168167e+01 3.009485244099050760e+01 5.007922732830047607e+01 4.983777820970863104e+01 5.023692452907562256e+01 2.990122641716152430e+01 3.005405418947339058e+01
2.160000056028366089e-01 5.296271896362304688e+01 5.001507044164463878e+01 3.014059527218341827e+01 3.009713839506730437e+01 5.012415868043899536e+01 4.983558195689693093e+01 5.028207212686538696e+01 2.990360888186842203e+01 3.008120907843112946e+01
2.879999876022338867e-01 7.061695861816406250e+01 5.001273537054657936e+01 3.016763092577457428e+01 3.009942434914410114e+01 5.016909003257751465e+01 4.983338570408523083e+01 5.032721972465515137e+01 2.990599134750664234e+01 3.010836396366357803e+01
3.600000143051147461e-01 8.827120208740234375e+01 5.001040030084550381e+01 3.019466657936573029e+01 3.010171030275523663e+01 5.021402138471603394e+01 4.983118945080786943e+01 5.037236732244491577e+01 2.990837381221354008e+01 3.013551884889602661e+01
4.320000112056732178e-01 1.059254379272460938e+02 5.000806523021310568e+01 3.022170224785804749e+01 3.010399625729769468e+01 5.025895273685455322e+01 4.982899319846183062e+01 5.041751492023468018e+01 2.991075627692043781e+01 3.016267374157905579e+01
5.040000081062316895e-01 1.235796813964843750e+02 5.000573015958070755e+01 3.024873790144920349e+01 3.010628220997750759e+01 5.030388408899307251e+01 4.982679694518446922e+01 5.046266251802444458e+01 2.991313874162733555e+01 3.018982861936092377e+01
5.759999752044677734e-01 1.412339172363281250e+02 5.000339508801698685e+01 3.027577355504035950e+01 3.010856816545128822e+01 5.034881544113159180e+01 4.982460069283843040e+01 5.050781011581420898e+01 2.991552120819687843e+01 3.021698351204395294e+01
6.480000019073486328e-01 1.588881530761718750e+02 5.000106001831591129e+01 3.030280920863151550e+01 3.011085411906242371e+01 5.039374679327011108e+01 4.982240444049239159e+01 5.055295771360397339e+01 2.991790367290377617e+01 3.024413840472698212e+01
7.200000286102294922e-01 1.765424041748046875e+02 4.999872494861483574e+01 3.032984486222267151e+01 3.011314007267355919e+01 5.043867814540863037e+01 4.982020818628370762e+01 5.059810531139373779e+01 2.992028613761067390e+01 3.027129328250885010e+01
7.919999957084655762e-01 1.941966400146484375e+02 4.999638987705111504e+01 3.035688051581382751e+01 3.011542602628469467e+01 5.048360952734947205e+01 4.981801193393766880e+01 5.064325290918350220e+01 2.992266860231757164e+01 3.029844817519187927e+01
8.640000224113464355e-01 2.118508758544921875e+02 4.999405480735003948e+01 3.038391619920730591e+01 3.011771198175847530e+01 5.052854084968566895e+01 4.981581568159162998e+01 5.068840050697326660e+01 2.992505106702446938e+01 3.032560306787490845e+01
9.359999895095825195e-01 2.295051116943359375e+02 4.999171973578631878e+01 3.041095185279846191e+01 3.011999793536961079e+01 5.057347220182418823e+01 4.981361942924559116e+01 5.073354810476303101e+01 2.992743353359401226e+01 3.035275796055793762e+01
1.008000016212463379e+00 2.471593627929687500e+02 4.998938466608524323e+01 3.043798750638961792e+01 3.012228388711810112e+01 5.061840355396270752e+01 4.981142317503690720e+01 5.077869570255279541e+01 2.992981599643826485e+01 3.037991282343864441e+01
1.080000042915344238e+00 2.648135986328125000e+02 4.998704959452152252e+01 3.046502315998077393e+01 3.012456984445452690e+01 5.066333490610122681e+01 4.980922692269086838e+01 5.082384330034255981e+01 2.993219846487045288e+01 3.040706771612167358e+01
1.151999950408935547e+00 2.824678344726562500e+02 4.998471452295780182e+01 3.049205881357192993e+01 3.012685579806566238e+01 5.070826625823974609e+01 4.980703067034482956e+01 5.086899089813232422e+01 2.993458092957735062e+01 3.043422260880470276e+01
1.223999977111816406e+00 3.001220703125000000e+02 4.998237945511937141e+01 3.051909446716308594e+01 3.012914175167679787e+01 5.075319761037826538e+01 4.980483441799879074e+01 5.091413849592208862e+01 2.993696339428424835e+01 3.046137750148773193e+01
1.296000003814697266e+00 3.177763061523437500e+02 4.998004438355565071e+01 3.054613012075424194e+01 3.013142770528793335e+01 5.079812896251678467e+01 4.980263816565275192e+01 5.095928609371185303e+01 2.993934585899114609e+01 3.048853239417076111e+01
1.368000030517578125e+00 3.354305725097656250e+02 4.997770931199193001e+01 3.057316577434539795e+01 3.013371365889906883e+01 5.084306031465530396e+01 4.980044191330671310e+01 5.100443369150161743e+01 2.994172832369804382e+01 3.051568728685379028e+01
1.440000057220458984e+00 3.530848083496093750e+02 4.997537424415349960e+01 3.060020142793655396e+01 3.013599961251020432e+01 5.088799166679382324e+01 4.979824565723538399e+01 5.104958128929138184e+01 2.994411078840494156e+01 3.054284214973449707e+01
1.511999964714050293e+00 3.707390441894531250e+02 4.997303917258977890e+01 3.062723708152770996e+01 3.013828556612133980e+01 5.093292307853698730e+01 4.979604940488934517e+01 5.109472888708114624e+01 2.994649325311183929e+01 3.056999707221984863e+01
1.583999991416931152e+00 3.883932800292968750e+02 4.997070410102605820e+01 3.065427273511886597e+01 3.014057151973247528e+01 5.097785443067550659e+01 4.979385315254330635e+01 5.113987648487091064e+01 2.994887571781873703e+01 3.059715193510055542e+01
1.656000018119812012e+00 4.060475158691406250e+02 4.996836902946233749e+01 3.068130838871002197e+01 3.014285747334361076e+01 5.102278578281402588e+01 4.979165690019726753e+01 5.118502402305603027e+01 2.995125818252563477e+01 3.062430679798126221e+01
1.728000044822692871e+00 4.237017517089843750e+02 4.996603396162390709e+01 3.070834410190582275e+01 3.014514343068003654e+01 5.106771707534790039e+01 4.978946064785122871e+01 5.123017168045043945e+01 2.995364064723253250e+01 3.065146172046661377e+01
1.799999952316284180e+00 4.413559875488281250e+02 4.996369889006018639e+01 3.073537975549697876e+01 3.014742938429117203e+01 5.111264848709106445e+01 4.978726439550518990e+01 5.127531921863555908e+01 2.995602311566472054e+01 3.067861658334732056e+01
