Length: 90.0
Width: 85.0
Thickness: 0.2
Parameters: [(u'hippopede', (5.0, 5.0, 0.0, 2.6000000000000001, 2.2000000000000002), u'empty'), (u'hippopede', (15.0, 5.0, 90.0, 2.6000000000000001, 2.2000000000000002), u'empty'), (u'hippopede', (15.0, 15.0, 0.0, 2.6000000000000001, 2.2000000000000002), u'empty'), (u'hippopede', (5.0, 15.0, 90.0, 2.6000000000000001, 2.2000000000000002), u'empty')]
Displacement Force P3-x P3-y P1-x P1-y P4-x P4-y P2-x P2-y
0.000000000000000000e+00 -0.000000000000000000e+00 5.005627059936523438e+01 4.998717498779296875e+01 2.989291381835937500e+01 3.005372238159179688e+01 3.007398986816406250e+01 5.010810852050781250e+01 5.007854461669921875e+01 2.986358261108398438e+01
7.199999690055847168e-02 9.809363365173339844e+00 5.005700682225869969e+01 5.003216316923499107e+01 2.989223856042372063e+01 3.008083577081561089e+01 3.007339814945589751e+01 5.015324741601943970e+01 5.007905507687246427e+01 2.989018449932336807e+01
1.439999938011169434e-01 1.961872673034667969e+01 5.005774304515216500e+01 5.007715135067701340e+01 2.989156330248806626e+01 3.010794916003942490e+01 3.007280643074773252e+01 5.019838631153106689e+01 5.007956553704570979e+01 2.991678638756275177e+01
2.160000056028366089e-01 2.942809104919433594e+01 5.005847926810383797e+01 5.012213952839374542e+01 2.989088804461061954e+01 3.013506255298852921e+01 3.007221471203956753e+01 5.024352520704269409e+01 5.008007599716074765e+01 2.994338827580213547e+01
2.879999876022338867e-01 3.923745346069335938e+01 5.005921549093909562e+01 5.016712771356105804e+01 2.989021278661675751e+01 3.016217593848705292e+01 3.007162299333140254e+01 5.028866410255432129e+01 5.008058645739220083e+01 2.996999016404151917e+01
3.600000143051147461e-01 4.904681777954101562e+01 5.005995171400718391e+01 5.021211589872837067e+01 2.988953752885572612e+01 3.018928933143615723e+01 3.007103127450682223e+01 5.033380299806594849e+01 5.008109691762365401e+01 2.999659204483032227e+01
4.320000112056732178e-01 5.885618209838867188e+01 5.006068793684244156e+01 5.025710406899452209e+01 2.988886227086186409e+01 3.021640272438526154e+01 3.007043955591507256e+01 5.037894189357757568e+01 5.008160737762227654e+01 3.002319394052028656e+01
5.040000081062316895e-01 6.866554260253906250e+01 5.006142415991052985e+01 5.030209225416183472e+01 2.988818701310083270e+01 3.024351610243320465e+01 3.006984783709049225e+01 5.042408078908920288e+01 5.008211783785372972e+01 3.004979582130908966e+01
5.759999752044677734e-01 7.847490692138671875e+01 5.006216038251295686e+01 5.034708043932914734e+01 2.988751175487414002e+01 3.027062949538230896e+01 3.006925611849874258e+01 5.046921968460083008e+01 5.008262829808518291e+01 3.007639771699905396e+01
6.480000019073486328e-01 8.828427124023437500e+01 5.006289660558104515e+01 5.039206862449645996e+01 2.988683649711310863e+01 3.029774288833141327e+01 3.006866439990699291e+01 5.051435858011245728e+01 5.008313875831663609e+01 3.010299959778785706e+01
7.200000286102294922e-01 9.809363555908203125e+01 5.006363282864913344e+01 5.043705680966377258e+01 2.988616123935207725e+01 3.032485628128051758e+01 3.006807268084958196e+01 5.055949747562408447e+01 5.008364921854808927e+01 3.012960147857666016e+01
7.919999957084655762e-01 1.079029998779296875e+02 5.006436905171722174e+01 5.048204499483108521e+01 2.988548598112538457e+01 3.035196965932846069e+01 3.006748096225783229e+01 5.060463637113571167e+01 5.008415967831388116e+01 3.015620335936546326e+01
8.640000224113464355e-01 1.177123641967773438e+02 5.006510527431964874e+01 5.052703315019607544e+01 2.988481072336435318e+01 3.037908306717872620e+01 3.006688924366608262e+01 5.064977526664733887e+01 5.008467013854533434e+01 3.018280526995658875e+01
9.359999895095825195e-01 1.275217285156250000e+02 5.006584149692207575e+01 5.057202136516571045e+01 2.988413546513766050e+01 3.040619644522666931e+01 3.006629752460867167e+01 5.069491416215896606e+01 5.008518059877678752e+01 3.020940715074539185e+01
1.008000016212463379e+00 1.373310852050781250e+02 5.006657772045582533e+01 5.061700952053070068e+01 2.988346020784229040e+01 3.043330982327461243e+01 3.006570580601692200e+01 5.074005305767059326e+01 5.008569105900824070e+01 3.023600903153419495e+01
1.080000042915344238e+00 1.471404571533203125e+02 5.006731394305825233e+01 5.066199773550033569e+01 2.988278494961559772e+01 3.046042323112487793e+01 3.006511408742517233e+01 5.078519195318222046e+01 5.008620151923969388e+01 3.026261091232299805e+01
1.151999950408935547e+00 1.569498138427734375e+02 5.006805016566067934e+01 5.070698589086532593e+01 2.988210969138890505e+01 3.048753660917282104e+01 3.006452236883342266e+01 5.083033084869384766e+01 5.008671197947114706e+01 3.028921282291412354e+01
1.223999977111816406e+00 1.667591857910156250e+02 5.006878638919442892e+01 5.075197410583496094e+01 2.988143443409353495e+01 3.051465001702308655e+01 3.006393065024167299e+01 5.087546974420547485e+01 5.008722243923693895e+01 3.031581470370292664e+01
1.296000003814697266e+00 1.765685424804687500e+02 5.006952261179685593e+01 5.079696226119995117e+01 2.988075917586684227e+01 3.054176339507102966e+01 3.006333893164992332e+01 5.092060863971710205e+01 5.008773289993405342e+01 3.034241658449172974e+01
1.368000030517578125e+00 1.863779144287109375e+02 5.007025883439928293e+01 5.084195047616958618e+01 2.988008391764014959e+01 3.056887680292129517e+01 3.006274721212685108e+01 5.096574753522872925e+01 5.008824335969984531e+01 3.036901849508285522e+01
1.440000057220458984e+00 1.961872711181640625e+02 5.007099505793303251e+01 5.088693863153457642e+01 2.987940866034477949e+01 3.059599018096923828e+01 3.006215549353510141e+01 5.101088643074035645e+01 5.008875382039695978e+01 3.039562034606933594e+01
1.511999964714050293e+00 2.059966430664062500e+02 5.007173128053545952e+01 5.093192684650421143e+01 2.987873340211808681e+01 3.062310355901718140e+01 3.006156377494335175e+01 5.105602532625198364e+01 5.008926428016275167e+01 3.042222225666046143e+01
1.583999991416931152e+00 2.158059997558593750e+02 5.007246750406920910e+01 5.097691500186920166e+01 2.987805814389139414e+01 3.065021693706512451e+01 3.006097205635160208e+01 5.110116422176361084e+01 5.008977473992854357e+01 3.044882410764694214e+01
1.656000018119812012e+00 2.256153564453125000e+02 5.007320372574031353e+01 5.102190315723419189e+01 2.987738288659602404e+01 3.067733037471771240e+01 3.006038033775985241e+01 5.114630305767059326e+01 5.009028520062565804e+01 3.047542601823806763e+01
1.728000044822692871e+00 2.354247283935546875e+02 5.007393994927406311e+01 5.106689131259918213e+01 2.987670762836933136e+01 3.070444375276565552e+01 3.005978861916810274e+01 5.119144201278686523e+01 5.009079566039144993e+01 3.050202792882919312e+01
1.799999952316284180e+00 2.452340850830078125e+02 5.007467617280781269e+01 5.111187958717346191e+01 2.987603237107396126e+01 3.073155713081359863e+01 3.005919690057635307e+01 5.123658084869384766e+01 5.009130612108856440e+01 3.052862977981567383e+01
