Length: 90.0
Width: 85.0
Thickness: 0.2
Parameters: [(u'hippopede', (5.0, 5.0, 0.0, 4.0, 1.2), u'empty'), (u'hippopede', (15.0, 5.0, 90.0, 4.0, 1.2), u'empty'), (u'hippopede', (15.0, 15.0, 0.0, 4.0, 1.2), u'empty'), (u'hippopede', (5.0, 15.0, 90.0, 4.0, 1.2), u'empty')]
Displacement Force P2-x P2-y P4-x P4-y P3-x P3-y P1-x P1-y
0.000000000000000000e+00 -0.000000000000000000e+00 5.008942413330078125e+01 2.998667335510253906e+01 3.002205085754394531e+01 5.004530334472656250e+01 5.004382324218750000e+01 5.002224731445312500e+01 2.993936538696289062e+01 3.018827438354492188e+01
7.199999690055847168e-02 1.044355964660644531e+01 5.008813878765795380e+01 3.001358975283801556e+01 3.002331279858481139e+01 5.009028099104762077e+01 5.004265895928256214e+01 5.006715574860572815e+01 2.994073288643267006e+01 3.021552756801247597e+01
1.439999938011169434e-01 2.088711929321289062e+01 5.008685344201512635e+01 3.004050615057349205e+01 3.002457473962567747e+01 5.013525863736867905e+01 5.004149467637762427e+01 5.011206418275833130e+01 2.994210038590244949e+01 3.024278075248003006e+01
2.160000056028366089e-01 3.133067893981933594e+01 5.008556809648871422e+01 3.006742254644632339e+01 3.002583668078295887e+01 5.018023627996444702e+01 5.004033039347268641e+01 5.015697261691093445e+01 2.994346788525581360e+01 3.027003393322229385e+01
2.879999876022338867e-01 4.177423858642578125e+01 5.008428275072947145e+01 3.009433894604444504e+01 3.002709862170740962e+01 5.022521393001079559e+01 5.003916611056774855e+01 5.020188105106353760e+01 2.994483538484200835e+01 3.029728712141513824e+01
3.600000143051147461e-01 5.221780014038085938e+01 5.008299740543588996e+01 3.012125533819198608e+01 3.002836056286469102e+01 5.027019156515598297e+01 5.003800182742998004e+01 5.024678948521614075e+01 2.994620288442820311e+01 3.032454030215740204e+01
4.320000112056732178e-01 6.266135787963867188e+01 5.008171205967664719e+01 3.014817173779010773e+01 3.002962250402197242e+01 5.031516921520233154e+01 5.003683754475787282e+01 5.029169791936874390e+01 2.994757038354873657e+01 3.035179348289966583e+01
5.040000081062316895e-01 7.310491943359375000e+01 5.008042671438306570e+01 3.017508813738822937e+01 3.003088444471359253e+01 5.036014685034751892e+01 5.003567326162010431e+01 5.033660635352134705e+01 2.994893788266927004e+01 3.037904666364192963e+01
5.759999752044677734e-01 8.354847717285156250e+01 5.007914136815816164e+01 3.020200453698635101e+01 3.003214638587087393e+01 5.040512451529502869e+01 5.003450897894799709e+01 5.038151478767395020e+01 2.995030538272112608e+01 3.040629985928535461e+01
6.480000019073486328e-01 9.399204254150390625e+01 5.007785602286458015e+01 3.022892093658447266e+01 3.003340832702815533e+01 5.045010215044021606e+01 5.003334469534456730e+01 5.042642322182655334e+01 2.995167288184165955e+01 3.043355304002761841e+01
7.200000286102294922e-01 1.044356002807617188e+02 5.007657067757099867e+01 3.025583732128143311e+01 3.003467026818543673e+01 5.049507978558540344e+01 5.003218041267246008e+01 5.047133165597915649e+01 2.995304038189351559e+01 3.046080622076988220e+01
7.919999957084655762e-01 1.148791580200195312e+02 5.007528533134609461e+01 3.028275373578071594e+01 3.003593220934271812e+01 5.054005745053291321e+01 5.003101613000035286e+01 5.051624006032943726e+01 2.995440788101404905e+01 3.048805940151214600e+01
8.640000224113464355e-01 1.253227157592773438e+02 5.007399998605251312e+01 3.030967012047767639e+01 3.003719415049999952e+01 5.058503508567810059e+01 5.002985184732824564e+01 5.056114852428436279e+01 2.995577538013458252e+01 3.051531258225440979e+01
9.359999895095825195e-01 1.357662811279296875e+02 5.007271463982760906e+01 3.033658650517463684e+01 3.003845609165728092e+01 5.063001275062561035e+01 5.002868756372481585e+01 5.060605692863464355e+01 2.995714288018643856e+01 3.054256576299667358e+01
1.008000016212463379e+00 1.462098388671875000e+02 5.007142929546535015e+01 3.036350291967391968e+01 3.003971803188323975e+01 5.067499035596847534e+01 5.002752328105270863e+01 5.065096539258956909e+01 2.995851037837564945e+01 3.056981894373893738e+01
1.080000042915344238e+00 1.566533966064453125e+02 5.007014394924044609e+01 3.039041930437088013e+01 3.004097997397184372e+01 5.071996802091598511e+01 5.002635899744927883e+01 5.069587379693984985e+01 2.995987787842750549e+01 3.059707212448120117e+01
1.151999950408935547e+00 1.670969543457031250e+02 5.006885860301554203e+01 3.041733571887016296e+01 3.004224191419780254e+01 5.076494568586349487e+01 5.002519471570849419e+01 5.074078226089477539e+01 2.996124537847936153e+01 3.062432533502578735e+01
1.223999977111816406e+00 1.775405120849609375e+02 5.006757325865328312e+01 3.044425210356712341e+01 3.004350385628640652e+01 5.080992329120635986e+01 5.002403043210506439e+01 5.078569066524505615e+01 2.996261287853121758e+01 3.065157851576805115e+01
1.296000003814697266e+00 1.879840850830078125e+02 5.006628791242837906e+01 3.047116851806640625e+01 3.004476579651236534e+01 5.085490095615386963e+01 5.002286614850163460e+01 5.083059912919998169e+01 2.996398037672042847e+01 3.067883169651031494e+01
1.368000030517578125e+00 1.984276428222656250e+02 5.006500256620347500e+01 3.049808490276336670e+01 3.004602773860096931e+01 5.089987862110137939e+01 5.002170186676084995e+01 5.087550753355026245e+01 2.996534787677228451e+01 3.070608484745025635e+01
1.440000057220458984e+00 2.088712005615234375e+02 5.006371722184121609e+01 3.052500128746032715e+01 3.004728967882692814e+01 5.094485622644424438e+01 5.002053758315742016e+01 5.092041599750518799e+01 2.996671537682414055e+01 3.073333805799484253e+01
1.511999964714050293e+00 2.193147583007812500e+02 5.006243187561631203e+01 3.055191767215728760e+01 3.004855162091553211e+01 5.098983389139175415e+01 5.001937329955399036e+01 5.096532440185546875e+01 2.996808287501335144e+01 3.076059126853942871e+01
1.583999991416931152e+00 2.297583160400390625e+02 5.006114652939140797e+01 3.057883411645889282e+01 3.004981356114149094e+01 5.103481155633926392e+01 5.001820901781320572e+01 5.101023280620574951e+01 2.996945037506520748e+01 3.078784441947937012e+01
1.656000018119812012e+00 2.402018737792968750e+02 5.005986118502914906e+01 3.060575050115585327e+01 3.005107550136744976e+01 5.107978916168212891e+01 5.001704473420977592e+01 5.105514121055603027e+01 2.997081787511706352e+01 3.081509763002395630e+01
1.728000044822692871e+00 2.506454315185546875e+02 5.005857583880424500e+01 3.063266688585281372e+01 3.005233744345605373e+01 5.112476682662963867e+01 5.001588045246899128e+01 5.110004973411560059e+01 2.997218537330627441e+01 3.084235078096389771e+01
1.799999952316284180e+00 2.610889892578125000e+02 5.005729049444198608e+01 3.065958327054977417e+01 3.005359938368201256e+01 5.116974449157714844e+01 5.001471616886556149e+01 5.114495813846588135e+01 2.997355287149548531e+01 3.086960399150848389e+01
