Length: 90.0
Width: 85.0
Thickness: 0.2
Parameters: [(u'hippopede', (5.0, 5.0, 0.0, 2.4000000000000004, 1.3999999999999999), u'empty'), (u'hippopede', (15.0, 5.0, 90.0, 2.4000000000000004, 1.3999999999999999), u'empty'), (u'hippopede', (15.0, 15.0, 0.0, 2.4000000000000004, 1.3999999999999999), u'empty'), (u'hippopede', (5.0, 15.0, 90.0, 2.4000000000000004, 1.3999999999999999), u'empty')]
Displacement Force P3-x P3-y P2-x P2-y P4-x P4-y P1-x P1-y
0.000000000000000000e+00 -0.000000000000000000e+00 5.008404922485351562e+01 5.002335357666015625e+01 4.996448516845703125e+01 3.005526351928710938e+01 3.009335327148437500e+01 4.988729095458984375e+01 2.998872375488281250e+01 2.990365409851074219e+01
7.199999690055847168e-02 1.640141105651855469e+01 5.008170172967948020e+01 5.006824230775237083e+01 4.996220118994824588e+01 3.008233961462974548e+01 3.009558672155253589e+01 4.993213002011179924e+01 2.999100578366778791e+01 2.993065576069056988e+01
1.439999938011169434e-01 3.280282211303710938e+01 5.007935423450544477e+01 5.011313103884458542e+01 4.995991721143946052e+01 3.010941570997238159e+01 3.009782017162069678e+01 4.997696908563375473e+01 2.999328781245276332e+01 2.995765742287039757e+01
2.160000056028366089e-01 4.920423126220703125e+01 5.007700673956423998e+01 5.015801976621150970e+01 4.995763323269784451e+01 3.013649180531501770e+01 3.010005362145602703e+01 5.002180814743041992e+01 2.999556984147056937e+01 2.998465908318758011e+01
2.879999876022338867e-01 6.560564422607421875e+01 5.007465924415737391e+01 5.020290850102901459e+01 4.995534925442188978e+01 3.016356790065765381e+01 3.010228707175701857e+01 5.006664721667766571e+01 2.999785187002271414e+01 3.001166074723005295e+01
3.600000143051147461e-01 8.200704956054687500e+01 5.007231174968183041e+01 5.024779723584651947e+01 4.995306527521461248e+01 3.019064399600028992e+01 3.010452052205801010e+01 5.011148628592491150e+01 3.000013389904052019e+01 3.003866241872310638e+01
4.320000112056732178e-01 9.840846252441406250e+01 5.006996425427496433e+01 5.029268595576286316e+01 4.995078129693865776e+01 3.021772009134292603e+01 3.010675397142767906e+01 5.015632534027099609e+01 3.000241592805832624e+01 3.006566406786441803e+01
5.040000081062316895e-01 1.148098754882812500e+02 5.006761675886809826e+01 5.033757469058036804e+01 4.994849731773138046e+01 3.024479618668556213e+01 3.010898742265999317e+01 5.020116442441940308e+01 3.000469795614480972e+01 3.009266573190689087e+01
5.759999752044677734e-01 1.312112884521484375e+02 5.006526926346123219e+01 5.038246342539787292e+01 4.994621334038674831e+01 3.027187228202819824e+01 3.011122087202966213e+01 5.024600347876548767e+01 3.000697998516261578e+01 3.011966739594936371e+01
6.480000019073486328e-01 1.476126861572265625e+02 5.006292176991701126e+01 5.042735216021537781e+01 4.994392936117947102e+01 3.029894837737083435e+01 3.011345432139933109e+01 5.029084253311157227e+01 3.000926201418042183e+01 3.014666905999183655e+01
7.200000286102294922e-01 1.640140991210937500e+02 5.006057427451014519e+01 5.047224089503288269e+01 4.994164538197219372e+01 3.032602447271347046e+01 3.011568777263164520e+01 5.033568161725997925e+01 3.001154404319822788e+01 3.017367073893547058e+01
7.919999957084655762e-01 1.804155120849609375e+02 5.005822677910327911e+01 5.051712962985038757e+01 4.993936140462756157e+01 3.035310056805610657e+01 3.011792122200131416e+01 5.038052067160606384e+01 3.001382607221603394e+01 3.020067238807678223e+01
8.640000224113464355e-01 1.968169250488281250e+02 5.005587928369641304e+01 5.056201833486557007e+01 4.993707742542028427e+01 3.038017666339874268e+01 3.012015467137098312e+01 5.042535972595214844e+01 3.001610810123383999e+01 3.022767403721809387e+01
9.359999895095825195e-01 2.132183380126953125e+02 5.005353178828954697e+01 5.060690706968307495e+01 4.993479344621300697e+01 3.040725275874137878e+01 3.012238812260329723e+01 5.047019881010055542e+01 3.001839012838900089e+01 3.025467571616172791e+01
1.008000016212463379e+00 2.296197509765625000e+02 5.005118429288268089e+01 5.065179580450057983e+01 4.993250946700572968e+01 3.043432885408401489e+01 3.012462157383561134e+01 5.051503789424896240e+01 3.002067215740680695e+01 3.028167736530303955e+01
1.080000042915344238e+00 2.460211486816406250e+02 5.004883679747581482e+01 5.069668453931808472e+01 4.993022548779845238e+01 3.046140494942665100e+01 3.012685502320528030e+01 5.055987691879272461e+01 3.002295418828725815e+01 3.030867904424667358e+01
1.151999950408935547e+00 2.624225769042968750e+02 5.004648930206894875e+01 5.074157327413558960e+01 4.992794151231646538e+01 3.048848104476928711e+01 3.012908847257494926e+01 5.060471600294113159e+01 3.002523621544241905e+01 3.033568069338798523e+01
1.223999977111816406e+00 2.788239746093750000e+02 5.004414181038737297e+01 5.078646200895309448e+01 4.992565753310918808e+01 3.051555714011192322e+01 3.013132192194461823e+01 5.064955508708953857e+01 3.002751824259757996e+01 3.036268237233161926e+01
1.296000003814697266e+00 2.952253723144531250e+02 5.004179431498050690e+01 5.083135074377059937e+01 4.992337355390191078e+01 3.054263323545455933e+01 3.013355537131428719e+01 5.069439411163330078e+01 3.002980027347803116e+01 3.038968402147293091e+01
1.368000030517578125e+00 3.116268005371093750e+02 5.003944681957364082e+01 5.087623947858810425e+01 4.992108957469463348e+01 3.056970930099487305e+01 3.013578882068395615e+01 5.073923319578170776e+01 3.003208230063319206e+01 3.041668570041656494e+01
1.440000057220458984e+00 3.280281982421875000e+02 5.003709932416677475e+01 5.092112821340560913e+01 4.991880559548735619e+01 3.059678542613983154e+01 3.013802227377891541e+01 5.078407227993011475e+01 3.003436433151364326e+01 3.044368737936019897e+01
1.511999964714050293e+00 3.444296264648437500e+02 5.003475182875990868e+01 5.096601694822311401e+01 4.991652161628007889e+01 3.062386149168014526e+01 3.014025572314858437e+01 5.082891130447387695e+01 3.003664635866880417e+01 3.047068899869918823e+01
1.583999991416931152e+00 3.608310241699218750e+02 5.003240433335304260e+01 5.101090568304061890e+01 4.991423764079809189e+01 3.065093761682510376e+01 3.014248917251825333e+01 5.087375038862228394e+01 3.003892838954925537e+01 3.049769067764282227e+01
1.656000018119812012e+00 3.772324523925781250e+02 5.003005683794617653e+01 5.105579435825347900e+01 4.991195366159081459e+01 3.067801368236541748e+01 3.014472262188792229e+01 5.091858947277069092e+01 3.004121041670441628e+01 3.052469235658645630e+01
1.728000044822692871e+00 3.936338500976562500e+02 5.002770934253931046e+01 5.110068309307098389e+01 4.990966968238353729e+01 3.070508980751037598e+01 3.014695607125759125e+01 5.096342849731445312e+01 3.004349244758486748e+01 3.055169397592544556e+01
1.799999952316284180e+00 4.100352478027343750e+02 5.002536184713244438e+01 5.114557182788848877e+01 4.990738570317625999e+01 3.073216587305068970e+01 3.014918952435255051e+01 5.100826764106750488e+01 3.004577447474002838e+01 3.057869565486907959e+01
