Length: 90.0
Width: 85.0
Thickness: 0.2
Parameters: [(u'hippopede', (5.0, 5.0, 0.0, 3.6000000000000001, 2.2000000000000002), u'empty'), (u'hippopede', (15.0, 5.0, 90.0, 3.6000000000000001, 2.2000000000000002), u'empty'), (u'hippopede', (15.0, 15.0, 0.0, 3.6000000000000001, 2.2000000000000002), u'empty'), (u'hippopede', (5.0, 15.0, 90.0, 3.6000000000000001, 2.2000000000000002), u'empty')]
Displacement Force P2-x P2-y P4-x P4-y P3-x P3-y P1-x P1-y
0.000000000000000000e+00 -0.000000000000000000e+00 5.000179290771484375e+01 3.007550430297851562e+01 2.999476623535156250e+01 4.991876602172851562e+01 5.001647567749023438e+01 4.993107986450195312e+01 2.998176956176757812e+01 3.006731605529785156e+01
7.199999690055847168e-02 3.225686073303222656e+00 5.000832225428894162e+01 3.010021406412124634e+01 2.998821474378928542e+01 4.996607044711709023e+01 5.002411943115293980e+01 4.997792723029851913e+01 2.997412111423909664e+01 3.009247609972953796e+01
1.439999938011169434e-01 6.451372146606445312e+00 5.001485160086303949e+01 3.012492382526397705e+01 2.998166325222700834e+01 5.001337487250566483e+01 5.003176318481564522e+01 5.002477459609508514e+01 2.996647266671061516e+01 3.011763614416122437e+01
2.160000056028366089e-01 9.677058219909667969e+00 5.002138094790279865e+01 3.014963358640670776e+01 2.997511176019906998e+01 5.006067930161952972e+01 5.003940693847835064e+01 5.007162195444107056e+01 2.995882421918213367e+01 3.014279618859291077e+01
2.879999876022338867e-01 1.290274429321289062e+01 5.002791029401123524e+01 3.017434334754943848e+01 2.996856026910245419e+01 5.010798372328281403e+01 5.004705069214105606e+01 5.011846932768821716e+01 2.995117577165365219e+01 3.016795623302459717e+01
3.600000143051147461e-01 1.612842941284179688e+01 5.003443964198231697e+01 3.019905310869216919e+01 2.996200877800583839e+01 5.015528815984725952e+01 5.005469444394111633e+01 5.016531668603420258e+01 2.994352732598781586e+01 3.019311627745628357e+01
4.320000112056732178e-01 1.935411643981933594e+01 5.004096898809075356e+01 3.022376286983489990e+01 2.995545728504657745e+01 5.020259258151054382e+01 5.006233819946646690e+01 5.021216404438018799e+01 2.993587887659668922e+01 3.021827632188796997e+01
5.040000081062316895e-01 2.257980155944824219e+01 5.004749833419919014e+01 3.024847263097763062e+01 2.994890579581260681e+01 5.024989700317382812e+01 5.006998195126652718e+01 5.025901141762733459e+01 2.992823043093085289e+01 3.024343636631965637e+01
5.759999752044677734e-01 2.580548858642578125e+01 5.005402768030762672e+01 3.027318239212036133e+01 2.994235430285334587e+01 5.029720142483711243e+01 5.007762570679187775e+01 5.030585879087448120e+01 2.992058198153972626e+01 3.026859641075134277e+01
6.480000019073486328e-01 2.903117370605468750e+01 5.006055702641606331e+01 3.029789215326309204e+01 2.993580280989408493e+01 5.034450587630271912e+01 5.008526945859193802e+01 5.035270613431930542e+01 2.991293353587388992e+01 3.029375645518302917e+01
7.200000286102294922e-01 3.225685882568359375e+01 5.006708637624979019e+01 3.032260191440582275e+01 2.992925132066011429e+01 5.039181029796600342e+01 5.009291321039199829e+01 5.039955350756645203e+01 2.990528509020805359e+01 3.031891649961471558e+01
7.919999957084655762e-01 3.548254776000976562e+01 5.007361572235822678e+01 3.034731167554855347e+01 2.992269983142614365e+01 5.043911468982696533e+01 5.010055696964263916e+01 5.044640088081359863e+01 2.989763663709163666e+01 3.034407654404640198e+01
8.640000224113464355e-01 3.870823287963867188e+01 5.008014506846666336e+01 3.037202143669128418e+01 2.991614833474159241e+01 5.048641914129257202e+01 5.010820072144269943e+01 5.049324822425842285e+01 2.988998819142580032e+01 3.036923658847808838e+01
9.359999895095825195e-01 4.193391799926757812e+01 5.008667441457509995e+01 3.039673119783401489e+01 2.990959684550762177e+01 5.053372359275817871e+01 5.011584447324275970e+01 5.054009562730789185e+01 2.988233974575996399e+01 3.039439663290977478e+01
1.008000016212463379e+00 4.515960311889648438e+01 5.009320376068353653e+01 3.042144095897674561e+01 2.990304535627365112e+01 5.058102798461914062e+01 5.012348822504281998e+01 5.058694297075271606e+01 2.987469130009412766e+01 3.041955667734146118e+01
1.080000042915344238e+00 4.838529205322265625e+01 5.009973310679197311e+01 3.044615072011947632e+01 2.989649385958909988e+01 5.062833243608474731e+01 5.013113198429346085e+01 5.063379031419754028e+01 2.986704284697771072e+01 3.044471672177314758e+01
1.151999950408935547e+00 5.161097717285156250e+01 5.010626245290040970e+01 3.047086048126220703e+01 2.988994237035512924e+01 5.067563682794570923e+01 5.013877573609352112e+01 5.068063771724700928e+01 2.985939440131187439e+01 3.046987676620483398e+01
1.223999977111816406e+00 5.483666229248046875e+01 5.011279179900884628e+01 3.049557024240493774e+01 2.988339088112115860e+01 5.072294127941131592e+01 5.014641948044300079e+01 5.072748506069183350e+01 2.985174594819545746e+01 3.049503681063652039e+01
1.296000003814697266e+00 5.806234741210937500e+01 5.011932114511728287e+01 3.052028000354766846e+01 2.987683938443660736e+01 5.077024573087692261e+01 5.015406323969364166e+01 5.077433240413665771e+01 2.984409750998020172e+01 3.052019685506820679e+01
1.368000030517578125e+00 6.128803634643554688e+01 5.012585049122571945e+01 3.054498976469039917e+01 2.987028789520263672e+01 5.081755012273788452e+01 5.016170699894428253e+01 5.082117980718612671e+01 2.983644905686378479e+01 3.054535689949989319e+01
1.440000057220458984e+00 6.451371765136718750e+01 5.013237984478473663e+01 3.056969952583312988e+01 2.986373640596866608e+01 5.086485457420349121e+01 5.016935074329376221e+01 5.086802715063095093e+01 2.982880061864852905e+01 3.057051694393157959e+01
1.511999964714050293e+00 6.773941040039062500e+01 5.013890919089317322e+01 3.059440928697586060e+01 2.985718491673469543e+01 5.091215896606445312e+01 5.017699450254440308e+01 5.091487455368041992e+01 2.982115216553211212e+01 3.059567695856094360e+01
1.583999991416931152e+00 7.096509552001953125e+01 5.014543853700160980e+01 3.061911904811859131e+01 2.985063342750072479e+01 5.095946335792541504e+01 5.018463826179504395e+01 5.096172189712524414e+01 2.981350371241569519e+01 3.062083703279495239e+01
1.656000018119812012e+00 7.419078063964843750e+01 5.015196788311004639e+01 3.064382880926132202e+01 2.984408192336559296e+01 5.100676786899566650e+01 5.019228200614452362e+01 5.100856924057006836e+01 2.980585527420043945e+01 3.064599704742431641e+01
1.728000044822692871e+00 7.741646575927734375e+01 5.015849722921848297e+01 3.066853857040405273e+01 2.983753043413162231e+01 5.105407226085662842e+01 5.019992576539516449e+01 5.105541658401489258e+01 2.979820682108402252e+01 3.067115712165832520e+01
1.799999952316284180e+00 8.064215087890625000e+01 5.016502657532691956e+01 3.069324833154678345e+01 2.983097894489765167e+01 5.110137665271759033e+01 5.020756950974464417e+01 5.110226392745971680e+01 2.979055836796760559e+01 3.069631713628768921e+01
