Length: 90.0
Width: 85.0
Thickness: 0.2
Parameters: [(u'hippopede', (5.0, 5.0, 0.0, 2.2000000000000002, 1.0), u'empty'), (u'hippopede', (15.0, 5.0, 90.0, 2.2000000000000002, 1.0), u'empty'), (u'hippopede', (15.0, 15.0, 0.0, 2.2000000000000002, 1.0), u'empty'), (u'hippopede', (5.0, 15.0, 90.0, 2.2000000000000002, 1.0), u'empty')]
Displacement Force P3-x P3-y P1-x P1-y P2-x P2-y P4-x P4-y
0.000000000000000000e+00 -0.000000000000000000e+00 4.995491027832031250e+01 5.008798599243164062e+01 2.997599792480468750e+01 2.991347122192382812e+01 5.010469055175781250e+01 3.000951004028320312e+01 2.991368865966796875e+01 4.992990875244140625e+01
7.199999690055847168e-02 2.029437828063964844e+01 4.995172224892303348e+01 5.013308867812156677e+01 2.997922914149239659e+01 2.994039155170321465e+01 5.010139102069661021e+01 3.003644259646534920e+01 2.991697138966992497e+01 4.997491405159235001e+01
1.439999938011169434e-01 4.058875656127929688e+01 4.994853421952575445e+01 5.017819136381149292e+01 2.998246035818010569e+01 2.996731188148260117e+01 5.009809148963540792e+01 3.006337515264749527e+01 2.992025411967188120e+01 5.001991935074329376e+01
2.160000056028366089e-01 6.088313674926757812e+01 4.994534618966281414e+01 5.022329404950141907e+01 2.998569157440215349e+01 2.999423221498727798e+01 5.009479195903986692e+01 3.009030771255493164e+01 2.992353684920817614e+01 5.006492465734481812e+01
2.879999876022338867e-01 8.117751312255859375e+01 4.994215816073119640e+01 5.026839673519134521e+01 2.998892279155552387e+01 3.002115254104137421e+01 5.009149242751300335e+01 3.011724026501178741e+01 2.992681957967579365e+01 5.010992994904518127e+01
3.600000143051147461e-01 1.014718933105468750e+02 4.993897013179957867e+01 5.031349942088127136e+01 2.999215400777757168e+01 3.004807287454605103e+01 5.008819289691746235e+01 3.014417283236980438e+01 2.993010230921208858e+01 5.015493525564670563e+01
4.320000112056732178e-01 1.217662734985351562e+02 4.993578210100531578e+01 5.035860210657119751e+01 2.999538522399961948e+01 3.007499320805072784e+01 5.008489336632192135e+01 3.017110538482666016e+01 2.993338503874838352e+01 5.019994056224822998e+01
5.040000081062316895e-01 1.420606536865234375e+02 4.993259407207369804e+01 5.040370479226112366e+01 2.999861644022166729e+01 3.010191354155540466e+01 5.008159383386373520e+01 3.019803793728351593e+01 2.993666776828467846e+01 5.024494585394859314e+01
5.759999752044677734e-01 1.623550262451171875e+02 4.992940604314208031e+01 5.044880747795104980e+01 3.000184765830636024e+01 3.012883386015892029e+01 5.007829430326819420e+01 3.022497048974037170e+01 2.993995049968361855e+01 5.028995114564895630e+01
6.480000019073486328e-01 1.826494140625000000e+02 4.992621801234781742e+01 5.049391016364097595e+01 3.000507887452840805e+01 3.015575419366359711e+01 5.007499477267265320e+01 3.025190305709838867e+01 2.994323322921991348e+01 5.033495643734931946e+01
7.200000286102294922e-01 2.029437866210937500e+02 4.992302998527884483e+01 5.053901284933090210e+01 3.000831009075045586e+01 3.018267452716827393e+01 5.007169524207711220e+01 3.027883562445640564e+01 2.994651595875620842e+01 5.037996175885200500e+01
7.919999957084655762e-01 2.232381744384765625e+02 4.991984195262193680e+01 5.058411553502082825e+01 3.001154130697250366e+01 3.020959484577178955e+01 5.006839571148157120e+01 3.030576816201210022e+01 2.994979868829250336e+01 5.042496705055236816e+01
8.640000224113464355e-01 2.435325469970703125e+02 4.991665392369031906e+01 5.062921822071075439e+01 3.001477252319455147e+01 3.023651519417762756e+01 5.006509618088603020e+01 3.033270072937011719e+01 2.995308141782879829e+01 5.046997237205505371e+01
9.359999895095825195e-01 2.638269348144531250e+02 4.991346589475870132e+01 5.067432093620300293e+01 3.001800373941659927e+01 3.026343551278114319e+01 5.006179665029048920e+01 3.035963329672813416e+01 2.995636414736509323e+01 5.051497763395309448e+01
1.008000016212463379e+00 2.841213073730468750e+02 4.991027786582708359e+01 5.071942359209060669e+01 3.002123495563864708e+01 3.029035586118698120e+01 5.005849711596965790e+01 3.038656583428382874e+01 2.995964687690138817e+01 5.055998295545578003e+01
1.080000042915344238e+00 3.044156799316406250e+02 4.990708983689546585e+01 5.076452630758285522e+01 3.002446617558598518e+01 3.031727617979049683e+01 5.005519758537411690e+01 3.041349840164184570e+01 2.996292960643768311e+01 5.060498827695846558e+01
1.151999950408935547e+00 3.247100524902343750e+02 4.990390180796384811e+01 5.080962896347045898e+01 3.002769739180803299e+01 3.034419649839401245e+01 5.005189805477857590e+01 3.044043093919754028e+01 2.996621233969926834e+01 5.064999353885650635e+01
1.223999977111816406e+00 3.450044555664062500e+02 4.990071377903223038e+01 5.085473167896270752e+01 3.003092860803008080e+01 3.037111684679985046e+01 5.004859852418303490e+01 3.046736350655555725e+01 2.996949506923556328e+01 5.069499886035919189e+01
1.296000003814697266e+00 3.652988281250000000e+02 4.989752574637532234e+01 5.089983433485031128e+01 3.003415982425212860e+01 3.039803716540336609e+01 5.004529899358749390e+01 3.049429607391357422e+01 2.997277779877185822e+01 5.074000412225723267e+01
1.368000030517578125e+00 3.855932006835937500e+02 4.989433771744370461e+01 5.094493705034255981e+01 3.003739104047417641e+01 3.042495751380920410e+01 5.004199945926666260e+01 3.052122861146926880e+01 2.997606052830815315e+01 5.078500944375991821e+01
1.440000057220458984e+00 4.058875732421875000e+02 4.989114969223737717e+01 5.099003970623016357e+01 3.004062225669622421e+01 3.045187783241271973e+01 5.003869993239641190e+01 3.054816120862960815e+01 2.997934325784444809e+01 5.083001476526260376e+01
1.511999964714050293e+00 4.261819458007812500e+02 4.988796166330575943e+01 5.103514242172241211e+01 3.004385347664356232e+01 3.047879815101623535e+01 5.003540039807558060e+01 3.057509374618530273e+01 2.998262599110603333e+01 5.087502002716064453e+01
1.583999991416931152e+00 4.464763488769531250e+02 4.988477362692356110e+01 5.108024507761001587e+01 3.004708468914031982e+01 3.050571846961975098e+01 5.003210087120532990e+01 3.060202628374099731e+01 2.998590871691703796e+01 5.092002534866333008e+01
1.656000018119812012e+00 4.667707214355468750e+02 4.988158559799194336e+01 5.112534773349761963e+01 3.005031590908765793e+01 3.053263884782791138e+01 5.002880133688449860e+01 3.062895888090133667e+01 2.998919145017862320e+01 5.096503067016601562e+01
1.728000044822692871e+00 4.870650939941406250e+02 4.987839756906032562e+01 5.117045044898986816e+01 3.005354712158441544e+01 3.055955916643142700e+01 5.002550181001424789e+01 3.065589141845703125e+01 2.999247417598962784e+01 5.101003599166870117e+01
1.799999952316284180e+00 5.073594665527343750e+02 4.987520954012870789e+01 5.121555316448211670e+01 3.005677834153175354e+01 3.058647948503494263e+01 5.002220227569341660e+01 3.068282395601272583e+01 2.999575690925121307e+01 5.105504119396209717e+01
