Length: 90.0
Width: 85.0
Thickness: 0.2
Parameters: [(u'hippopede', (5.0, 5.0, 0.0, 3.4000000000000004, 1.3999999999999999), u'empty'), (u'hippopede', (15.0, 5.0, 90.0, 3.4000000000000004, 1.3999999999999999), u'empty'), (u'hippopede', (15.0, 15.0, 0.0, 3.4000000000000004, 1.3999999999999999), u'empty'), (u'hippopede', (5.0, 15.0, 90.0, 3.4000000000000004, 1.3999999999999999), u'empty')]
Displacement Force P3-x P3-y P4-x P4-y P1-x P1-y P2-x P2-y
0.000000000000000000e+00 -0.000000000000000000e+00 4.993539428710937500e+01 4.992285537719726562e+01 2.988298416137695312e+01 5.004369735717773438e+01 2.994272232055664062e+01 2.994888687133789062e+01 5.006676864624023438e+01 3.002533340454101562e+01
7.199999690055847168e-02 1.108613872528076172e+01 4.993433123442810029e+01 4.996784268692135811e+01 2.988416220655199140e+01 5.008887808769941330e+01 2.994372567010577768e+01 2.997596022114157677e+01 5.006567717401776463e+01 3.005226027220487595e+01
1.439999938011169434e-01 2.217227745056152344e+01 4.993326818174682558e+01 5.001282999664545059e+01 2.988534025172702968e+01 5.013405881822109222e+01 2.994472901965491474e+01 3.000303357094526291e+01 5.006458570179529488e+01 3.007918713986873627e+01
2.160000056028366089e-01 3.325841522216796875e+01 4.993220512894913554e+01 5.005781731009483337e+01 2.988651829701848328e+01 5.017923955619335175e+01 2.994573236908763647e+01 3.003010691702365875e+01 5.006349422945640981e+01 3.010611400753259659e+01
2.879999876022338867e-01 4.434455490112304688e+01 4.993114207638427615e+01 5.010280461609363556e+01 2.988769634207710624e+01 5.022442027926445007e+01 2.994673571875318885e+01 3.005718027055263519e+01 5.006240275735035539e+01 3.013304087519645691e+01
3.600000143051147461e-01 5.543069458007812500e+01 4.993007902335375547e+01 5.014779192209243774e+01 2.988887438736855984e+01 5.026960101723670959e+01 2.994773906795307994e+01 3.008425362408161163e+01 5.006131128501147032e+01 3.015996773540973663e+01
4.320000112056732178e-01 6.651683044433593750e+01 4.992901597078889608e+01 5.019277924299240112e+01 2.989005243266001344e+01 5.031478175520896912e+01 2.994874241761863232e+01 3.011132696270942688e+01 5.006021981267258525e+01 3.018689461052417755e+01
5.040000081062316895e-01 7.760297393798828125e+01 4.992795291822403669e+01 5.023776653409004211e+01 2.989123047795146704e+01 5.035996246337890625e+01 2.994974576728418469e+01 3.013840031623840332e+01 5.005912834033370018e+01 3.021382147073745728e+01
5.759999752044677734e-01 8.868910980224609375e+01 4.992688986565917730e+01 5.028275385499000549e+01 2.989240852277725935e+01 5.040514320135116577e+01 2.995074911694973707e+01 3.016547366976737976e+01 5.005803686846047640e+01 3.024074834585189819e+01
6.480000019073486328e-01 9.977524566650390625e+01 4.992582681309431791e+01 5.032774117588996887e+01 2.989358656853437424e+01 5.045032393932342529e+01 2.995175246614962816e+01 3.019254702329635620e+01 5.005694539565593004e+01 3.026767520606517792e+01
7.200000286102294922e-01 1.108613891601562500e+02 4.992476375959813595e+01 5.037272846698760986e+01 2.989476461336016655e+01 5.049550467729568481e+01 2.995275581534951925e+01 3.021962037682533264e+01 5.005585392378270626e+01 3.029460206627845764e+01
7.919999957084655762e-01 1.219475250244140625e+02 4.992370070703327656e+01 5.041771578788757324e+01 2.989594265818595886e+01 5.054068541526794434e+01 2.995375916548073292e+01 3.024669373035430908e+01 5.005476245190948248e+01 3.032152894139289856e+01
8.640000224113464355e-01 1.330336608886718750e+02 4.992263765446841717e+01 5.046270310878753662e+01 2.989712070394307375e+01 5.058586615324020386e+01 2.995476251468062401e+01 3.027376705408096313e+01 5.005367097910493612e+01 3.034845581650733948e+01
9.359999895095825195e-01 1.441197967529296875e+02 4.992157460190355778e+01 5.050769042968750000e+01 2.989829874876886606e+01 5.063104689121246338e+01 2.995576586388051510e+01 3.030084040760993958e+01 5.005257950723171234e+01 3.037538269162178040e+01
1.008000016212463379e+00 1.552059478759765625e+02 4.992051154933869839e+01 5.055267769098281860e+01 2.989947679452598095e+01 5.067622756958007812e+01 2.995676921401172876e+01 3.032791376113891602e+01 5.005148803442716599e+01 3.040230953693389893e+01
1.080000042915344238e+00 1.662920837402343750e+02 4.991944849677383900e+01 5.059766501188278198e+01 2.990065483935177326e+01 5.072140830755233765e+01 2.995777256321161985e+01 3.035498711466789246e+01 5.005039656348526478e+01 3.042923641204833984e+01
1.151999950408935547e+00 1.773782196044921875e+02 4.991838544420897961e+01 5.064265233278274536e+01 2.990183288417756557e+01 5.076658904552459717e+01 2.995877591334283352e+01 3.038206046819686890e+01 5.004930509068071842e+01 3.045616328716278076e+01
1.223999977111816406e+00 1.884643554687500000e+02 4.991732239164412022e+01 5.068763965368270874e+01 2.990301092900335789e+01 5.081176978349685669e+01 2.995977926254272461e+01 3.040913382172584534e+01 5.004821361787617207e+01 3.048309016227722168e+01
1.296000003814697266e+00 1.995504913330078125e+02 4.991625933907926083e+01 5.073262697458267212e+01 2.990418897569179535e+01 5.085695052146911621e+01 2.996078261174261570e+01 3.043620717525482178e+01 5.004712214507162571e+01 3.051001700758934021e+01
1.368000030517578125e+00 2.106366424560546875e+02 4.991519628651440144e+01 5.077761429548263550e+01 2.990536702051758766e+01 5.090213125944137573e+01 2.996178596094250679e+01 3.046328049898147583e+01 5.004603067412972450e+01 3.053694391250610352e+01
1.440000057220458984e+00 2.217227783203125000e+02 4.991413323208689690e+01 5.082260155677795410e+01 2.990654506534337997e+01 5.094731199741363525e+01 2.996278931014239788e+01 3.049035388231277466e+01 5.004493920132517815e+01 3.056387072801589966e+01
1.511999964714050293e+00 2.328089141845703125e+02 4.991307017952203751e+01 5.086758887767791748e+01 2.990772311016917229e+01 5.099249273538589478e+01 2.996379266120493412e+01 3.051742720603942871e+01 5.004384772852063179e+01 3.059079760313034058e+01
1.583999991416931152e+00 2.438950500488281250e+02 4.991200712695717812e+01 5.091257619857788086e+01 2.990890115499496460e+01 5.103767347335815430e+01 2.996479601040482521e+01 3.054450058937072754e+01 5.004275625757873058e+01 3.061772447824478149e+01
1.656000018119812012e+00 2.549811859130859375e+02 4.991094407439231873e+01 5.095756351947784424e+01 2.991007920168340206e+01 5.108285415172576904e+01 2.996579935960471630e+01 3.057157391309738159e+01 5.004166478477418423e+01 3.064465135335922241e+01
1.728000044822692871e+00 2.660673217773437500e+02 4.990988102182745934e+01 5.100255084037780762e+01 2.991125724650919437e+01 5.112803494930267334e+01 2.996680270880460739e+01 3.059864723682403564e+01 5.004057331196963787e+01 3.067157822847366333e+01
1.799999952316284180e+00 2.771534729003906250e+02 4.990881796926259995e+01 5.104753816127777100e+01 2.991243529133498669e+01 5.117321562767028809e+01 2.996780605800449848e+01 3.062572062015533447e+01 5.003948184102773666e+01 3.069850510358810425e+01
