Length: 90.0
Width: 85.0
Thickness: 0.2
Parameters: [(u'hippopede', (5.0, 5.0, 0.0, 3.6000000000000001, 1.0), u'empty'), (u'hippopede', (15.0, 5.0, 90.0, 3.6000000000000001, 1.0), u'empty'), (u'hippopede', (15.0, 15.0, 0.0, 3.6000000000000001, 1.0), u'empty'), (u'hippopede', (5.0, 15.0, 90.0, 3.6000000000000001, 1.0), u'empty')]
Displacement Force P1-x P1-y P4-x P4-y P2-x P2-y P3-x P3-y
0.000000000000000000e+00 -0.000000000000000000e+00 3.005804634094238281e+01 2.996106529235839844e+01 2.994362449645996094e+01 5.002128601074218750e+01 4.999614715576171875e+01 3.001164627075195312e+01 5.010840606689453125e+01 4.991029739379882812e+01
7.199999690055847168e-02 1.425310516357421875e+01 3.006029556598514318e+01 2.998809103854000568e+01 2.994597220350988209e+01 5.006627609208226204e+01 4.999384361249394715e+01 3.003871119022369385e+01 5.010602072952315211e+01 4.995508327335119247e+01
1.439999938011169434e-01 2.850621032714843750e+01 3.006254479102790356e+01 3.001511678472161293e+01 2.994831991055980325e+01 5.011126617342233658e+01 4.999154006922617555e+01 3.006577610969543457e+01 5.010363539215177298e+01 4.999986915290355682e+01
2.160000056028366089e-01 4.275931549072265625e+01 3.006479401607066393e+01 3.004214253276586533e+01 2.995066761737689376e+01 5.015625625848770142e+01 4.998923652619123459e+01 3.009284102916717529e+01 5.010125005478039384e+01 5.004465503990650177e+01
2.879999876022338867e-01 5.701242065429687500e+01 3.006704324111342430e+01 3.006916827708482742e+01 2.995301532465964556e+01 5.020124633610248566e+01 4.998693298269063234e+01 3.011990594863891602e+01 5.009886471740901470e+01 5.008944091200828552e+01
3.600000143051147461e-01 7.126552581787109375e+01 3.006929246615618467e+01 3.009619402885437012e+01 2.995536303147673607e+01 5.024623641371726990e+01 4.998462943919003010e+01 3.014697086811065674e+01 5.009647937957197428e+01 5.013422679901123047e+01
4.320000112056732178e-01 8.551863098144531250e+01 3.007154169119894505e+01 3.012321977317333221e+01 2.995771073829382658e+01 5.029122650623321533e+01 4.998232589662075043e+01 3.017403578758239746e+01 5.009409404266625643e+01 5.017901268601417542e+01
5.040000081062316895e-01 9.977173614501953125e+01 3.007379091717302799e+01 3.015024551749229431e+01 2.996005844511091709e+01 5.033621656894683838e+01 4.998002235218882561e+01 3.020110070705413818e+01 5.009170870482921600e+01 5.022379854321479797e+01
5.759999752044677734e-01 1.140248413085937500e+02 3.007604014128446579e+01 3.017727126181125641e+01 2.996240615285933018e+01 5.038120666146278381e+01 4.997771880961954594e+01 3.022816562652587891e+01 5.008932336792349815e+01 5.026858443021774292e+01
6.480000019073486328e-01 1.282779541015625000e+02 3.007828936725854874e+01 3.020429700613021851e+01 2.996475386060774326e+01 5.042619675397872925e+01 4.997541526705026627e+01 3.025523054599761963e+01 5.008693803101778030e+01 5.031337031722068787e+01
7.200000286102294922e-01 1.425310516357421875e+02 3.008053859136998653e+01 3.023132276535034180e+01 2.996710156649351120e+01 5.047118681669235229e+01 4.997311172261834145e+01 3.028229546546936035e+01 5.008455269224941730e+01 5.035815620422363281e+01
7.919999957084655762e-01 1.567841644287109375e+02 3.008278781734406948e+01 3.025834849476814270e+01 2.996944927424192429e+01 5.051617690920829773e+01 4.997080818004906178e+01 3.030936038494110107e+01 5.008216735534369946e+01 5.040294206142425537e+01
8.640000224113464355e-01 1.710372619628906250e+02 3.008503704145550728e+01 3.028537425398826599e+01 2.997179698012769222e+01 5.056116700172424316e+01 4.996850463747978210e+01 3.033642530441284180e+01 5.007978201843798161e+01 5.044772797822952271e+01
9.359999895095825195e-01 1.852903747558593750e+02 3.008728626742959023e+01 3.031239998340606689e+01 2.997414468787610531e+01 5.060615706443786621e+01 4.996620109304785728e+01 3.036349022388458252e+01 5.007739668153226376e+01 5.049251383543014526e+01
1.008000016212463379e+00 1.995434722900390625e+02 3.008953549340367317e+01 3.033942574262619019e+01 2.997649239376187325e+01 5.065114712715148926e+01 4.996389754861593246e+01 3.039055514335632324e+01 5.007501134276390076e+01 5.053729969263076782e+01
1.080000042915344238e+00 2.137965850830078125e+02 3.009178471565246582e+01 3.036645150184631348e+01 2.997884010151028633e+01 5.069613724946975708e+01 4.996159400790929794e+01 3.041762006282806396e+01 5.007262600585818291e+01 5.058208560943603516e+01
1.151999950408935547e+00 2.280496826171875000e+02 3.009403394162654877e+01 3.039347723126411438e+01 2.998118780925869942e+01 5.074112731218338013e+01 4.995929046347737312e+01 3.044468498229980469e+01 5.007024066895246506e+01 5.062687146663665771e+01
1.223999977111816406e+00 2.423027954101562500e+02 3.009628316760063171e+01 3.042050299048423767e+01 2.998353551700711250e+01 5.078611737489700317e+01 4.995698691904544830e+01 3.047174990177154541e+01 5.006785533204674721e+01 5.067165732383728027e+01
1.296000003814697266e+00 2.565559082031250000e+02 3.009853239357471466e+01 3.044752871990203857e+01 2.998588322475552559e+01 5.083110749721527100e+01 4.995468337833881378e+01 3.049881482124328613e+01 5.006546999514102936e+01 5.071644324064254761e+01
1.368000030517578125e+00 2.708089904785156250e+02 3.010078161582350731e+01 3.047455447912216187e+01 2.998823092877864838e+01 5.087609755992889404e+01 4.995237983390688896e+01 3.052587974071502686e+01 5.006308465823531151e+01 5.076122909784317017e+01
1.440000057220458984e+00 2.850621032714843750e+02 3.010303084179759026e+01 3.050158023834228516e+01 2.999057863652706146e+01 5.092108762264251709e+01 4.995007628947496414e+01 3.055294466018676758e+01 5.006069931760430336e+01 5.080601501464843750e+01
1.511999964714050293e+00 2.993152160644531250e+02 3.010528006777167320e+01 3.052860599756240845e+01 2.999292634427547455e+01 5.096607774496078491e+01 4.994777274876832962e+01 3.058000957965850830e+01 5.005831398069858551e+01 5.085080087184906006e+01
1.583999991416931152e+00 3.135683288574218750e+02 3.010752929374575615e+01 3.055563169717788696e+01 2.999527405202388763e+01 5.101106780767440796e+01 4.994546920433640480e+01 3.060707449913024902e+01 5.005592864379286766e+01 5.089558672904968262e+01
1.656000018119812012e+00 3.278214111328125000e+02 3.010977851971983910e+01 3.058265745639801025e+01 2.999762175977230072e+01 5.105605792999267578e+01 4.994316565990447998e+01 3.063413941860198975e+01 5.005354330688714981e+01 5.094037258625030518e+01
1.728000044822692871e+00 3.420745239257812500e+02 3.011202774196863174e+01 3.060968321561813354e+01 2.999996946379542351e+01 5.110104799270629883e+01 4.994086211919784546e+01 3.066120433807373047e+01 5.005115796998143196e+01 5.098515856266021729e+01
1.799999952316284180e+00 3.563276367187500000e+02 3.011427696794271469e+01 3.063670897483825684e+01 3.000231717154383659e+01 5.114603805541992188e+01 4.993855857476592064e+01 3.068826925754547119e+01 5.004877263307571411e+01 5.102994441986083984e+01
