Length: 90.0
Width: 85.0
Thickness: 0.2
Parameters: [(u'hippopede', (5.0, 5.0, 0.0, 2.6000000000000001, 1.8), u'empty'), (u'hippopede', (15.0, 5.0, 90.0, 2.6000000000000001, 1.8), u'empty'), (u'hippopede', (15.0, 15.0, 0.0, 2.6000000000000001, 1.8), u'empty'), (u'hippopede', (5.0, 15.0, 90.0, 2.6000000000000001, 1.8), u'empty')]
Displacement Force P2-x P2-y P4-x P4-y P3-x P3-y P1-x P1-y
0.000000000000000000e+00 -0.000000000000000000e+00 4.997987747192382812e+01 2.995868110656738281e+01 2.996323966979980469e+01 4.997757339477539062e+01 5.004824829101562500e+01 4.992298507690429688e+01 3.005955886840820312e+01 3.003801918029785156e+01
7.199999690055847168e-02 1.242043113708496094e+01 4.997902295191306621e+01 2.998564043641090393e+01 2.996407281502615660e+01 5.002263943105936050e+01 5.004737537249457091e+01 4.996782234683632851e+01 3.006035346572753042e+01 3.006502633914351463e+01
1.439999938011169434e-01 2.484086227416992188e+01 4.997816843190230429e+01 3.001259976625442505e+01 2.996490596025250852e+01 5.006770546734333038e+01 5.004650245397351682e+01 5.001265961676836014e+01 3.006114806304685771e+01 3.009203349798917770e+01
2.160000056028366089e-01 3.726129150390625000e+01 4.997731391200795770e+01 3.003955909609794617e+01 2.996573910559527576e+01 5.011277149617671967e+01 5.004562953556887805e+01 5.005749689042568207e+01 3.006194266024976969e+01 3.011904065310955048e+01
2.879999876022338867e-01 4.968172454833984375e+01 4.997645939188078046e+01 3.006651842594146729e+01 2.996657225070521235e+01 5.015783753991127014e+01 5.004475661693140864e+01 5.010233415663242340e+01 3.006273725768551230e+01 3.014604781568050385e+01
3.600000143051147461e-01 6.210215377807617188e+01 4.997560487175360322e+01 3.009347775578498840e+01 2.996740539604797959e+01 5.020290356874465942e+01 5.004388369852676988e+01 5.014717143774032593e+01 3.006353185512125492e+01 3.017305496335029602e+01
4.320000112056732178e-01 7.452258300781250000e+01 4.997475035209208727e+01 3.012043708562850952e+01 2.996823854139074683e+01 5.024796959757804871e+01 5.004301078012213111e+01 5.019200870394706726e+01 3.006432645209133625e+01 3.020006212592124939e+01
5.040000081062316895e-01 8.694301605224609375e+01 4.997389583196491003e+01 3.014739641547203064e+01 2.996907168673351407e+01 5.029303565621376038e+01 5.004213786171749234e+01 5.023684597015380859e+01 3.006512104952707887e+01 3.022706928849220276e+01
5.759999752044677734e-01 9.936344909667968750e+01 4.997304131183773279e+01 3.017435574531555176e+01 2.996990483161062002e+01 5.033810168504714966e+01 5.004126494284719229e+01 5.028168323636054993e+01 3.006591564696282148e+01 3.025407645106315613e+01
6.480000019073486328e-01 1.117838745117187500e+02 4.997218679217621684e+01 3.020131507515907288e+01 2.997073797695338726e+01 5.038316771388053894e+01 5.004039202444255352e+01 5.032652053236961365e+01 3.006671024393290281e+01 3.028108359873294830e+01
7.200000286102294922e-01 1.242043075561523438e+02 4.997133227158337831e+01 3.022827440500259399e+01 2.997157112229615450e+01 5.042823374271392822e+01 5.003951910603791475e+01 5.037135779857635498e+01 3.006750484183430672e+01 3.030809074640274048e+01
7.919999957084655762e-01 1.366247406005859375e+02 4.997047775238752365e+01 3.025523373484611511e+01 2.997240426763892174e+01 5.047329980134963989e+01 5.003864618763327599e+01 5.041619506478309631e+01 3.006829943880438805e+01 3.033509790897369385e+01
8.640000224113464355e-01 1.490451660156250000e+02 4.996962323226034641e+01 3.028219306468963623e+01 2.997323741298168898e+01 5.051836580038070679e+01 5.003777326922863722e+01 5.046103233098983765e+01 3.006909403577446938e+01 3.036210507154464722e+01
9.359999895095825195e-01 1.614656066894531250e+02 4.996876871213316917e+01 3.030915239453315735e+01 2.997407055832445621e+01 5.056343185901641846e+01 5.003690035082399845e+01 5.050586962699890137e+01 3.006988863367587328e+01 3.038911223411560059e+01
1.008000016212463379e+00 1.738860321044921875e+02 4.996791419200599194e+01 3.033611172437667847e+01 2.997490370366722345e+01 5.060849791765213013e+01 5.003602743241935968e+01 5.055070686340332031e+01 3.007068323064595461e+01 3.041611939668655396e+01
1.080000042915344238e+00 1.863064575195312500e+02 4.996705967187881470e+01 3.036307105422019958e+01 2.997573684807866812e+01 5.065356391668319702e+01 5.003515451308339834e+01 5.059554415941238403e+01 3.007147782761603594e+01 3.044312655925750732e+01
1.151999950408935547e+00 1.987268981933593750e+02 4.996620515175163746e+01 3.039003038406372070e+01 2.997656999342143536e+01 5.069862997531890869e+01 5.003428159467875957e+01 5.064038139581680298e+01 3.007227242551743984e+01 3.047013372182846069e+01
1.223999977111816406e+00 2.111473236083984375e+02 4.996535063255578279e+01 3.041698971390724182e+01 2.997740313876420259e+01 5.074369603395462036e+01 5.003340867627412081e+01 5.068521869182586670e+01 3.007306702248752117e+01 3.049714085459709167e+01
1.296000003814697266e+00 2.235677490234375000e+02 4.996449611242860556e+01 3.044394904375076294e+01 2.997823628410696983e+01 5.078876203298568726e+01 5.003253575786948204e+01 5.073005598783493042e+01 3.007386161945760250e+01 3.052414801716804504e+01
1.368000030517578125e+00 2.359881896972656250e+02 4.996364159137010574e+01 3.047090840339660645e+01 2.997906943038105965e+01 5.083382809162139893e+01 5.003166284039616585e+01 5.077489322423934937e+01 3.007465621735900640e+01 3.055115520954132080e+01
1.440000057220458984e+00 2.484086151123046875e+02 4.996278707124292850e+01 3.049786770343780518e+01 2.997990257479250431e+01 5.087889409065246582e+01 5.003078992106020451e+01 5.081973052024841309e+01 3.007545081526041031e+01 3.057816231250762939e+01
1.511999964714050293e+00 2.608290405273437500e+02 4.996193255297839642e+01 3.052482706308364868e+01 2.998073571920394897e+01 5.092396014928817749e+01 5.002991700172424316e+01 5.086456775665283203e+01 3.007624541223049164e+01 3.060516947507858276e+01
1.583999991416931152e+00 2.732494812011718750e+02 4.996107803285121918e+01 3.055178636312484741e+01 2.998156886547803879e+01 5.096902620792388916e+01 5.002904408425092697e+01 5.090940505266189575e+01 3.007704000920057297e+01 3.063217663764953613e+01
1.656000018119812012e+00 2.856699218750000000e+02 4.996022351272404194e+01 3.057874572277069092e+01 2.998240200988948345e+01 5.101409220695495605e+01 5.002817116491496563e+01 5.095424234867095947e+01 3.007783460617065430e+01 3.065918380022048950e+01
1.728000044822692871e+00 2.980903320312500000e+02 4.995936899259686470e+01 3.060570502281188965e+01 2.998323515616357327e+01 5.105915820598602295e+01 5.002729824744164944e+01 5.099907958507537842e+01 3.007862920314073563e+01 3.068619096279144287e+01
1.799999952316284180e+00 3.105107727050781250e+02 4.995851447246968746e+01 3.063266438245773315e+01 2.998406830057501793e+01 5.110422432422637939e+01 5.002642532810568810e+01 5.104391682147979736e+01 3.007942380011081696e+01 3.071319812536239624e+01
