Length: 90.0
Width: 85.0
Thickness: 0.2
Parameters: [(u'hippopede', (5.0, 5.0, 0.0, 3.0, 2.7999999999999998), u'empty'), (u'hippopede', (15.0, 5.0, 90.0, 3.0, 2.7999999999999998), u'empty'), (u'hippopede', (15.0, 15.0, 0.0, 3.0, 2.7999999999999998), u'empty'), (u'hippopede', (5.0, 15.0, 90.0, 3.0, 2.7999999999999998), u'empty')]
Displacement Force P4-x P4-y P1-x P1-y P2-x P2-y P3-x P3-y
0.000000000000000000e+00 -0.000000000000000000e+00 2.989123725891113281e+01 5.006520843505859375e+01 2.989161872863769531e+01 2.993071556091308594e+01 5.000504684448242188e+01 2.995588684082031250e+01 4.986607360839843750e+01 5.009642028808593750e+01
7.199999690055847168e-02 4.107891559600830078e+00 2.988667868543416262e+01 5.011185343563556671e+01 2.988604143261909485e+01 2.995693182945251465e+01 5.000965950684621930e+01 2.998150895535945892e+01 4.987173072481527925e+01 5.014281272888183594e+01
1.439999938011169434e-01 8.215783119201660156e+00 2.988212011195719242e+01 5.015849843621253967e+01 2.988046413660049438e+01 2.998314809799194336e+01 5.001427216921001673e+01 3.000713106989860535e+01 4.987738784123212099e+01 5.018920516967773438e+01
2.160000056028366089e-01 1.232367515563964844e+01 2.987756153848022223e+01 5.020514343678951263e+01 2.987488684058189392e+01 3.000936436653137207e+01 5.001888483110815287e+01 3.003275318443775177e+01 4.988304495811462402e+01 5.023559761047363281e+01
2.879999876022338867e-01 1.643156623840332031e+01 2.987300296500325203e+01 5.025178843736648560e+01 2.986930954456329346e+01 3.003558063507080078e+01 5.002349749393761158e+01 3.005837529897689819e+01 4.988870207406580448e+01 5.028199005126953125e+01
3.600000143051147461e-01 2.053945922851562500e+01 2.986844439059495926e+01 5.029843342304229736e+01 2.986373224854469299e+01 3.006179690361022949e+01 5.002811015583574772e+01 3.008399741351604462e+01 4.989435919001698494e+01 5.032838249206542969e+01
4.320000112056732178e-01 2.464735031127929688e+01 2.986388581804931164e+01 5.034507843852043152e+01 2.985815495252609253e+01 3.008801317214965820e+01 5.003272281773388386e+01 3.010961952805519104e+01 4.990001630783081055e+01 5.037477493286132812e+01
5.040000081062316895e-01 2.875524139404296875e+01 2.985932724550366402e+01 5.039172342419624329e+01 2.985257765650749207e+01 3.011422944068908691e+01 5.003733547776937485e+01 3.013524164259433746e+01 4.990567342191934586e+01 5.042116737365722656e+01
5.759999752044677734e-01 3.286313247680664062e+01 2.985476867109537125e+01 5.043836843967437744e+01 2.984700036048889160e+01 3.014044570922851562e+01 5.004194814339280128e+01 3.016086375713348389e+01 4.991133053973317146e+01 5.046755981445312500e+01
6.480000019073486328e-01 3.697102737426757812e+01 2.985021009668707848e+01 5.048501342535018921e+01 2.984142306447029114e+01 3.016666197776794434e+01 5.004656080529093742e+01 3.018648587167263031e+01 4.991698765382170677e+01 5.051395225524902344e+01
7.200000286102294922e-01 4.107891845703125000e+01 2.984565152227878571e+01 5.053165841102600098e+01 2.983584576845169067e+01 3.019287824630737305e+01 5.005117346718907356e+01 3.021210798621177673e+01 4.992264477163553238e+01 5.056034469604492188e+01
7.919999957084655762e-01 4.518680953979492188e+01 2.984109294787049294e+01 5.057830339670181274e+01 2.983026847243309021e+01 3.021909451484680176e+01 5.005578612908720970e+01 3.023773011565208435e+01 4.992830188944935799e+01 5.060673713684082031e+01
8.640000224113464355e-01 4.929470062255859375e+01 2.983653437718749046e+01 5.062494844198226929e+01 2.982469117641448975e+01 3.024531078338623047e+01 5.006039879098534584e+01 3.026335221529006958e+01 4.993395900726318359e+01 5.065312957763671875e+01
9.359999895095825195e-01 5.340259170532226562e+01 2.983197580277919769e+01 5.067159342765808105e+01 2.981911388039588928e+01 3.027152705192565918e+01 5.006501145288348198e+01 3.028897434473037720e+01 4.993961612135171890e+01 5.069952201843261719e+01
1.008000016212463379e+00 5.751048278808593750e+01 2.982741723209619522e+01 5.071823841333389282e+01 2.981353658437728882e+01 3.029774332046508789e+01 5.006962411105632782e+01 3.031459644436836243e+01 4.994527323544025421e+01 5.074591445922851562e+01
1.080000042915344238e+00 6.161837768554687500e+01 2.982285865396261215e+01 5.076488339900970459e+01 2.980795928835868835e+01 3.032395958900451660e+01 5.007423677295446396e+01 3.034021857380867004e+01 4.995093034952878952e+01 5.079230690002441406e+01
1.151999950408935547e+00 6.572626495361328125e+01 2.981830008327960968e+01 5.081152844429016113e+01 2.980238199234008789e+01 3.035017585754394531e+01 5.007884944230318069e+01 3.036584067344665527e+01 4.995658747106790543e+01 5.083869934082031250e+01
1.223999977111816406e+00 6.983415985107421875e+01 2.981374150514602661e+01 5.085817342996597290e+01 2.979680469632148743e+01 3.037639212608337402e+01 5.008346210420131683e+01 3.039146280288696289e+01 4.996224458515644073e+01 5.088509178161621094e+01
1.296000003814697266e+00 7.394205474853515625e+01 2.980918293446302414e+01 5.090481841564178467e+01 2.979122740030288696e+01 3.040260839462280273e+01 5.008807476609945297e+01 3.041708490252494812e+01 4.996790169924497604e+01 5.093148422241210938e+01
1.368000030517578125e+00 7.804994201660156250e+01 2.980462436378002167e+01 5.095146340131759644e+01 2.978565010428428650e+01 3.042882466316223145e+01 5.009268742799758911e+01 3.044270703196525574e+01 4.997355882078409195e+01 5.097787666320800781e+01
1.440000057220458984e+00 8.215783691406250000e+01 2.980006578564643860e+01 5.099810838699340820e+01 2.978007280826568604e+01 3.045504093170166016e+01 5.009730008989572525e+01 3.046832913160324097e+01 4.997921593487262726e+01 5.102426910400390625e+01
1.511999964714050293e+00 8.626572418212890625e+01 2.979550721496343613e+01 5.104475343227386475e+01 2.977449551224708557e+01 3.048125720024108887e+01 5.010191275179386139e+01 3.049395126104354858e+01 4.998487304896116257e+01 5.107066154479980469e+01
1.583999991416931152e+00 9.037361907958984375e+01 2.979094863682985306e+01 5.109139835834503174e+01 2.976891821622848511e+01 3.050747346878051758e+01 5.010652541369199753e+01 3.051957339048385620e+01 4.999053017050027847e+01 5.111705398559570312e+01
1.656000018119812012e+00 9.448150634765625000e+01 2.978639006614685059e+01 5.113804340362548828e+01 2.976334092020988464e+01 3.053368973731994629e+01 5.011113807559013367e+01 3.054519546031951904e+01 4.999618728458881378e+01 5.116344642639160156e+01
1.728000044822692871e+00 9.858940124511718750e+01 2.978183149546384811e+01 5.118468844890594482e+01 2.975776362419128418e+01 3.055990600585937500e+01 5.011575073748826981e+01 3.057081758975982666e+01 5.000184440612792969e+01 5.120983886718750000e+01
1.799999952316284180e+00 1.026972961425781250e+02 2.977727291733026505e+01 5.123133337497711182e+01 2.975218632817268372e+01 3.058612227439880371e+01 5.012036339938640594e+01 3.059643971920013428e+01 5.000750151276588440e+01 5.125623130798339844e+01
