Length: 90.0
Width: 85.0
Thickness: 0.2
Parameters: [(u'hippopede', (5.0, 5.0, 0.0, 2.7999999999999998, 2.2000000000000002), u'empty'), (u'hippopede', (15.0, 5.0, 90.0, 2.7999999999999998, 2.2000000000000002), u'empty'), (u'hippopede', (15.0, 15.0, 0.0, 2.7999999999999998, 2.2000000000000002), u'empty'), (u'hippopede', (5.0, 15.0, 90.0, 2.7999999999999998, 2.2000000000000002), u'empty')]
Displacement Force P1-x P1-y P2-x P2-y P3-x P3-y P4-x P4-y
0.000000000000000000e+00 -0.000000000000000000e+00 3.005832099914550781e+01 3.004527091979980469e+01 5.005610656738281250e+01 3.003757286071777344e+01 4.983628845214843750e+01 5.003797912597656250e+01 2.994429206848144531e+01 4.997432708740234375e+01
7.199999690055847168e-02 8.383603096008300781e+00 3.005680579401087016e+01 3.007195452973246574e+01 5.005755469086579978e+01 3.006413156539201736e+01 4.983794873428996652e+01 5.008352887630462646e+01 2.994286019355058670e+01 5.001977305114269257e+01
1.439999938011169434e-01 1.676720619201660156e+01 3.005529058887623250e+01 3.009863813966512680e+01 5.005900281434878707e+01 3.009069027006626129e+01 4.983960901643149555e+01 5.012907862663269043e+01 2.994142831861972809e+01 5.006521901488304138e+01
2.160000056028366089e-01 2.515080833435058594e+01 3.005377538362517953e+01 3.012532174587249756e+01 5.006045093759894371e+01 3.011724897474050522e+01 4.984126929845660925e+01 5.017462837696075439e+01 2.993999644368886948e+01 5.011066497862339020e+01
2.879999876022338867e-01 3.353441238403320312e+01 3.005226017860695720e+01 3.015200535953044891e+01 5.006189906131476164e+01 3.014380767941474915e+01 4.984292958071455359e+01 5.022017812728881836e+01 2.993856456875801086e+01 5.015611094236373901e+01
3.600000143051147461e-01 4.191801452636718750e+01 3.005074497358873487e+01 3.017868897318840027e+01 5.006334718456491828e+01 3.017036639153957367e+01 4.984458986297249794e+01 5.026572786271572113e+01 2.993713269429281354e+01 5.020155690610408783e+01
4.320000112056732178e-01 5.030161666870117188e+01 3.004922976810485125e+01 3.020537257194519043e+01 5.006479530781507492e+01 3.019692508876323700e+01 4.984625014476478100e+01 5.031127762794494629e+01 2.993570081889629364e+01 5.024700286984443665e+01
5.040000081062316895e-01 5.868522262573242188e+01 3.004771456308662891e+01 3.023205618560314178e+01 5.006624343153089285e+01 3.022348380088806152e+01 4.984791042748838663e+01 5.035682737827301025e+01 2.993426894396543503e+01 5.029244881868362427e+01
5.759999752044677734e-01 6.706882476806640625e+01 3.004619935806840658e+01 3.025873979926109314e+01 5.006769155524671078e+01 3.025004249811172485e+01 4.984957070928066969e+01 5.040237712860107422e+01 2.993283706903457642e+01 5.033789479732513428e+01
6.480000019073486328e-01 7.545243072509765625e+01 3.004468415305018425e+01 3.028542339801788330e+01 5.006913967803120613e+01 3.027660121023654938e+01 4.985123099200427532e+01 5.044792684912681580e+01 2.993140519503504038e+01 5.038334074616432190e+01
7.200000286102294922e-01 8.383602905273437500e+01 3.004316894803196192e+01 3.031210702657699585e+01 5.007058780174702406e+01 3.030315992236137390e+01 4.985289127379655838e+01 5.049347659945487976e+01 2.992997332010418177e+01 5.042878672480583191e+01
7.919999957084655762e-01 9.221963500976562500e+01 3.004165374301373959e+01 3.033879062533378601e+01 5.007203592546284199e+01 3.032971861958503723e+01 4.985455155558884144e+01 5.053902637958526611e+01 2.992854144424200058e+01 5.047423267364501953e+01
8.640000224113464355e-01 1.006032333374023438e+02 3.004013853706419468e+01 3.036547422409057617e+01 5.007348404824733734e+01 3.035627731680870056e+01 4.985621183738112450e+01 5.058457612991333008e+01 2.992710956931114197e+01 5.051967865228652954e+01
9.359999895095825195e-01 1.089868392944335938e+02 3.003862333297729492e+01 3.039215785264968872e+01 5.007493217289447784e+01 3.038283604383468628e+01 4.985787212103605270e+01 5.063012588024139404e+01 2.992567769438028336e+01 5.056512457132339478e+01
1.008000016212463379e+00 1.173704452514648438e+02 3.003710812702775002e+01 3.041884145140647888e+01 5.007638029567897320e+01 3.040939474105834961e+01 4.985953240282833576e+01 5.067567563056945801e+01 2.992424581944942474e+01 5.061057054996490479e+01
1.080000042915344238e+00 1.257540435791015625e+02 3.003559292294085026e+01 3.044552505016326904e+01 5.007782841846346855e+01 3.043595343828201294e+01 4.986119268462061882e+01 5.072122538089752197e+01 2.992281394451856613e+01 5.065601652860641479e+01
1.151999950408935547e+00 1.341376495361328125e+02 3.003407771699130535e+01 3.047220867872238159e+01 5.007927654311060905e+01 3.046251213550567627e+01 4.986285296641290188e+01 5.076677513122558594e+01 2.992138206958770752e+01 5.070146250724792480e+01
1.223999977111816406e+00 1.425212554931640625e+02 3.003256251290440559e+01 3.049889227747917175e+01 5.008072466589510441e+01 3.048907086253166199e+01 4.986451325006783009e+01 5.081232482194900513e+01 2.991995019651949406e+01 5.074690842628479004e+01
1.296000003814697266e+00 1.509048614501953125e+02 3.003104730695486069e+01 3.052557587623596191e+01 5.008217278867959976e+01 3.051562955975532532e+01 4.986617353186011314e+01 5.085787457227706909e+01 2.991851832158863544e+01 5.079235440492630005e+01
1.368000030517578125e+00 1.592884521484375000e+02 3.002953210286796093e+01 3.055225950479507446e+01 5.008362091332674026e+01 3.054218828678131104e+01 4.986783381178975105e+01 5.090342432260513306e+01 2.991708644665777683e+01 5.083780038356781006e+01
1.440000057220458984e+00 1.676720581054687500e+02 3.002801689691841602e+01 3.057894313335418701e+01 5.008506903611123562e+01 3.056874698400497437e+01 4.986949409544467926e+01 5.094897407293319702e+01 2.991565457172691822e+01 5.088324636220932007e+01
1.511999964714050293e+00 1.760556640625000000e+02 3.002650169283151627e+01 3.060562670230865479e+01 5.008651715889573097e+01 3.059530568122863770e+01 4.987115437909960747e+01 5.099452382326126099e+01 2.991422269679605961e+01 5.092869228124618530e+01
1.583999991416931152e+00 1.844392700195312500e+02 3.002498648688197136e+01 3.063231033086776733e+01 5.008796528354287148e+01 3.062186437845230103e+01 4.987281465902924538e+01 5.104007363319396973e+01 2.991279082000255585e+01 5.097413825988769531e+01
1.656000018119812012e+00 1.928228759765625000e+02 3.002347128093242645e+01 3.065899395942687988e+01 5.008941340819001198e+01 3.064842307567596436e+01 4.987447494268417358e+01 5.108562338352203369e+01 2.991135894507169724e+01 5.101958417892456055e+01
1.728000044822692871e+00 2.012064666748046875e+02 3.002195607498288155e+01 3.068567752838134766e+01 5.009086152911186218e+01 3.067498177289962769e+01 4.987613522261381149e+01 5.113117313385009766e+01 2.990992707014083862e+01 5.106503021717071533e+01
1.799999952316284180e+00 2.095900726318359375e+02 3.002044087275862694e+01 3.071236115694046021e+01 5.009230965375900269e+01 3.070154047012329102e+01 4.987779550626873970e+01 5.117672288417816162e+01 2.990849519520998001e+01 5.111047613620758057e+01
