Length: 70.0
Width: 65.0
Thickness: 0.2
Parameters: [(u'sphylinder_projection', (5.0, 5.0, 0.0, 3.5, 5.5, 0.049950000000000001), u'Hard'), (u'sphylinder_projection', (15.0, 5.0, 90.0, 3.5, 5.5, 0.049950000000000001), u'Hard'), (u'sphylinder_projection', (15.0, 15.0, 0.0, 3.5, 5.5, 0.049950000000000001), u'Hard'), (u'sphylinder_projection', (5.0, 15.0, 90.0, 3.5, 5.5, 0.049950000000000001), u'Hard')]
Displacement Force P3-x P3-y P1-x P1-y P4-x P4-y P2-x P2-y
0.000000000000000000e+00 -0.000000000000000000e+00 3.000795745849609375e+01 4.010134506225585938e+01 3.005160713195800781e+01 1.999341392517089844e+01 1.986144256591796875e+01 2.995070648193359375e+01 4.006417846679687500e+01 3.004364776611328125e+01
-8.399999886751174927e-02 -1.953825950622558594e-01 3.000793266296386719e+01 4.005126953125000000e+01 3.005156898498535156e+01 1.995938110351562500e+01 1.986054992675781250e+01 2.990889167785644531e+01 4.006510543823242188e+01 3.000147247314453125e+01
-1.679999977350234985e-01 -3.931180536746978760e-01 3.000790977478027344e+01 4.000121307373046875e+01 3.005153083801269531e+01 1.992533302307128906e+01 1.985965538024902344e+01 2.986707687377929688e+01 4.006603240966796875e+01 2.995929718017578125e+01
-2.520000040531158447e-01 -5.932405591011047363e-01 3.000788497924804688e+01 3.995116806030273438e+01 3.005149269104003906e+01 1.989127159118652344e+01 1.985875892639160156e+01 2.982526016235351562e+01 4.006696319580078125e+01 2.991712188720703125e+01
-3.359999954700469971e-01 -7.957909107208251953e-01 3.000786018371582031e+01 3.990113830566406250e+01 3.005145263671875000e+01 1.985719490051269531e+01 1.985785865783691406e+01 2.978344535827636719e+01 4.006789779663085938e+01 2.987494659423828125e+01
-4.199999868869781494e-01 -1.000808715820312500e+00 3.000783538818359375e+01 3.985112380981445312e+01 3.005141448974609375e+01 1.982310295104980469e+01 1.985695648193359375e+01 2.974163246154785156e+01 4.006883621215820312e+01 2.983276939392089844e+01
-5.040000081062316895e-01 -1.208334565162658691e+00 3.000781250000000000e+01 3.980112457275390625e+01 3.005137634277343750e+01 1.978899765014648438e+01 1.985605239868164062e+01 2.969981765747070312e+01 4.006977462768554688e+01 2.979059410095214844e+01
-5.879999995231628418e-01 -1.418409585952758789e+00 3.000778770446777344e+01 3.975114059448242188e+01 3.005133819580078125e+01 1.975487518310546875e+01 1.985514450073242188e+01 2.965800285339355469e+01 4.007071685791015625e+01 2.974841880798339844e+01
-6.719999909400939941e-01 -1.631076216697692871e+00 3.000776290893554688e+01 3.970117187500000000e+01 3.005129814147949219e+01 1.972073936462402344e+01 1.985423469543457031e+01 2.961618804931640625e+01 4.007166290283203125e+01 2.970624351501464844e+01
-7.559999823570251465e-01 -1.846377372741699219e+00 3.000774002075195312e+01 3.965121459960937500e+01 3.005125999450683594e+01 1.968658828735351562e+01 1.985332107543945312e+01 2.957437515258789062e+01 4.007260894775390625e+01 2.966406822204589844e+01
-8.399999737739562988e-01 -2.064357042312622070e+00 3.000771522521972656e+01 3.960127639770507812e+01 3.005121994018554688e+01 1.965242004394531250e+01 1.985240554809570312e+01 2.953256034851074219e+01 4.007355880737304688e+01 2.962189292907714844e+01
-9.240000247955322266e-01 -2.285060405731201172e+00 3.000769042968750000e+01 3.955135345458984375e+01 3.005118179321289062e+01 1.961823844909667969e+01 1.985148811340332031e+01 2.949074554443359375e+01 4.007451248168945312e+01 2.957971763610839844e+01
-1.008000016212463379e+00 -2.508533000946044922e+00 3.000766754150390625e+01 3.950144577026367188e+01 3.005114173889160156e+01 1.958404159545898438e+01 1.985056686401367188e+01 2.944893264770507812e+01 4.007546997070312500e+01 2.953754234313964844e+01
-1.092000007629394531e+00 -2.734821796417236328e+00 3.000764274597167969e+01 3.945155334472656250e+01 3.005110359191894531e+01 1.954982757568359375e+01 1.984964370727539062e+01 2.940711784362792969e+01 4.007642745971679688e+01 2.949536895751953125e+01
-1.175999999046325684e+00 -2.963974952697753906e+00 3.000761985778808594e+01 3.940167999267578125e+01 3.005106353759765625e+01 1.951559829711914062e+01 1.984871864318847656e+01 2.936530303955078125e+01 4.007738876342773438e+01 2.945319366455078125e+01
-1.259999990463256836e+00 -3.196040868759155273e+00 3.000759506225585938e+01 3.935181808471679688e+01 3.005102539062500000e+01 1.948135566711425781e+01 1.984778976440429688e+01 2.932349014282226562e+01 4.007835388183593750e+01 2.941102027893066406e+01
-1.343999981880187988e+00 -3.431069850921630859e+00 3.000757026672363281e+01 3.930197525024414062e+01 3.005098533630371094e+01 1.944709396362304688e+01 1.984685707092285156e+01 2.928167533874511719e+01 4.007931900024414062e+01 2.936884498596191406e+01
-1.427999973297119141e+00 -3.669112682342529297e+00 3.000754737854003906e+01 3.925214385986328125e+01 3.005094718933105469e+01 1.941281890869140625e+01 1.984592247009277344e+01 2.923986053466796875e+01 4.008029174804687500e+01 2.932667160034179688e+01
-1.511999964714050293e+00 -3.910221576690673828e+00 3.000752258300781250e+01 3.920233154296875000e+01 3.005090713500976562e+01 1.937852668762207031e+01 1.984498596191406250e+01 2.919804573059082031e+01 4.008126449584960938e+01 2.928449821472167969e+01
-1.595999956130981445e+00 -4.154449939727783203e+00 3.000749778747558594e+01 3.915253448486328125e+01 3.005086708068847656e+01 1.934421920776367188e+01 1.984404563903808594e+01 2.915623092651367188e+01 4.008224105834960938e+01 2.924232482910156250e+01
-1.679999947547912598e+00 -4.401852130889892578e+00 3.000747489929199219e+01 3.910275650024414062e+01 3.005082893371582031e+01 1.930989646911621094e+01 1.984310340881347656e+01 2.911441612243652344e+01 4.008321762084960938e+01 2.920015144348144531e+01
-1.764000058174133301e+00 -4.652483463287353516e+00 3.000745010375976562e+01 3.905299377441406250e+01 3.005078887939453125e+01 1.927555656433105469e+01 1.984215736389160156e+01 2.907260131835937500e+01 4.008420181274414062e+01 2.915797996520996094e+01
-1.848000049591064453e+00 -4.906401157379150391e+00 3.000742530822753906e+01 3.900324630737304688e+01 3.005074882507324219e+01 1.924119949340820312e+01 1.984120941162109375e+01 2.903078460693359375e+01 4.008518600463867188e+01 2.911580657958984375e+01
-1.932000041007995605e+00 -5.163663387298583984e+00 3.000740242004394531e+01 3.895351409912109375e+01 3.005070877075195312e+01 1.920682716369628906e+01 1.984025764465332031e+01 2.898896980285644531e+01 4.008617401123046875e+01 2.907363510131835938e+01
-2.016000032424926758e+00 -5.424329280853271484e+00 3.000737762451171875e+01 3.890380096435546875e+01 3.005067062377929688e+01 1.917243766784667969e+01 1.983930397033691406e+01 2.894715309143066406e+01 4.008716201782226562e+01 2.903146362304687500e+01
-2.099999904632568359e+00 -5.688459396362304688e+00 3.000735282897949219e+01 3.885410308837890625e+01 3.005063056945800781e+01 1.913803291320800781e+01 1.983834648132324219e+01 2.890533638000488281e+01 4.008815765380859375e+01 2.898929405212402344e+01
-2.184000015258789062e+00 -5.956116199493408203e+00 3.000732994079589844e+01 3.880442047119140625e+01 3.005059051513671875e+01 1.910361099243164062e+01 1.983738708496093750e+01 2.886351966857910156e+01 4.008915328979492188e+01 2.894712448120117188e+01
-2.267999887466430664e+00 -6.227362632751464844e+00 3.000730514526367188e+01 3.875475692749023438e+01 3.005055046081542969e+01 1.906917190551757812e+01 1.983642387390136719e+01 2.882170104980468750e+01 4.009015274047851562e+01 2.890495491027832031e+01
-2.351999998092651367e+00 -6.502264022827148438e+00 3.000728034973144531e+01 3.870510864257812500e+01 3.005051040649414062e+01 1.903471565246582031e+01 1.983545684814453125e+01 2.877988243103027344e+01 4.009115600585937500e+01 2.886278533935546875e+01
-2.436000108718872070e+00 -6.780886650085449219e+00 3.000725746154785156e+01 3.865547943115234375e+01 3.005047225952148438e+01 1.900024223327636719e+01 1.983448791503906250e+01 2.873806381225585938e+01 4.009216308593750000e+01 2.882061767578125000e+01
-2.519999980926513672e+00 -7.063297748565673828e+00 3.000723266601562500e+01 3.860586547851562500e+01 3.005043220520019531e+01 1.896575355529785156e+01 1.983351707458496094e+01 2.869624519348144531e+01 4.009317016601562500e+01 2.877845001220703125e+01
-2.604000091552734375e+00 -7.349566936492919922e+00 3.000720787048339844e+01 3.855627059936523438e+01 3.005039215087890625e+01 1.893124580383300781e+01 1.983254241943359375e+01 2.865442466735839844e+01 4.009418487548828125e+01 2.873628234863281250e+01
-2.687999963760375977e+00 -7.639765739440917969e+00 3.000718498229980469e+01 3.850669097900390625e+01 3.005035209655761719e+01 1.889672279357910156e+01 1.983156394958496094e+01 2.861260414123535156e+01 4.009519958496093750e+01 2.869411659240722656e+01
-2.772000074386596680e+00 -7.933965682983398438e+00 3.000716018676757812e+01 3.845713043212890625e+01 3.005031394958496094e+01 1.886218070983886719e+01 1.983058357238769531e+01 2.857078361511230469e+01 4.009621810913085938e+01 2.865195083618164062e+01
-2.855999946594238281e+00 -8.232241630554199219e+00 3.000713539123535156e+01 3.840758895874023438e+01 3.005027389526367188e+01 1.882762336730957031e+01 1.982959938049316406e+01 2.852896118164062500e+01 4.009724044799804688e+01 2.860978698730468750e+01
-2.940000057220458984e+00 -8.534667968750000000e+00 3.000711059570312500e+01 3.835806274414062500e+01 3.005023384094238281e+01 1.879304695129394531e+01 1.982861328125000000e+01 2.848713874816894531e+01 4.009826278686523438e+01 2.856762313842773438e+01
-3.023999929428100586e+00 -8.841324806213378906e+00 3.000708770751953125e+01 3.830855560302734375e+01 3.005019378662109375e+01 1.875845336914062500e+01 1.982762336730957031e+01 2.844531440734863281e+01 4.009929275512695312e+01 2.852546119689941406e+01
-3.108000040054321289e+00 -9.152289390563964844e+00 3.000706291198730469e+01 3.825906372070312500e+01 3.005015563964843750e+01 1.872384071350097656e+01 1.982662963867187500e+01 2.840349006652832031e+01 4.010032272338867188e+01 2.848329925537109375e+01
-3.191999912261962891e+00 -9.467643737792968750e+00 3.000703811645507812e+01 3.820959091186523438e+01 3.005011558532714844e+01 1.868921279907226562e+01 1.982563400268554688e+01 2.836166381835937500e+01 4.010135650634765625e+01 2.844113922119140625e+01
-3.276000022888183594e+00 -9.787470817565917969e+00 3.000701332092285156e+01 3.816013717651367188e+01 3.005007553100585938e+01 1.865456581115722656e+01 1.982463455200195312e+01 2.831983757019042969e+01 4.010239410400390625e+01 2.839897918701171875e+01
-3.359999895095825195e+00 -1.011185550689697266e+01 3.000698852539062500e+01 3.811069869995117188e+01 3.005003738403320312e+01 1.861989974975585938e+01 1.982363128662109375e+01 2.827800941467285156e+01 4.010343551635742188e+01 2.835681915283203125e+01
-3.444000005722045898e+00 -1.044088459014892578e+01 3.000696372985839844e+01 3.806128311157226562e+01 3.004999732971191406e+01 1.858521842956542969e+01 1.982262611389160156e+01 2.823618125915527344e+01 4.010448074340820312e+01 2.831466293334960938e+01
-3.528000116348266602e+00 -1.077464675903320312e+01 3.000693893432617188e+01 3.801188278198242188e+01 3.004995918273925781e+01 1.855051612854003906e+01 1.982161712646484375e+01 2.819435119628906250e+01 4.010552597045898438e+01 2.827250671386718750e+01
-3.611999988555908203e+00 -1.111323356628417969e+01 3.000691413879394531e+01 3.796249771118164062e+01 3.004991912841796875e+01 1.851579666137695312e+01 1.982060623168945312e+01 2.815252113342285156e+01 4.010657882690429688e+01 2.823035049438476562e+01
-3.696000099182128906e+00 -1.145673751831054688e+01 3.000688934326171875e+01 3.791313552856445312e+01 3.004988098144531250e+01 1.848106002807617188e+01 1.981958961486816406e+01 2.811068916320800781e+01 4.010763168334960938e+01 2.818819808959960938e+01
-3.779999971389770508e+00 -1.180525398254394531e+01 3.000686454772949219e+01 3.786379241943359375e+01 3.004984092712402344e+01 1.844630432128906250e+01 1.981857109069824219e+01 2.806885528564453125e+01 4.010868835449218750e+01 2.814604568481445312e+01
-3.864000082015991211e+00 -1.215888023376464844e+01 3.000683975219726562e+01 3.781446456909179688e+01 3.004980278015136719e+01 1.841152954101562500e+01 1.981755065917968750e+01 2.802701950073242188e+01 4.010974884033203125e+01 2.810389328002929688e+01
-3.947999954223632812e+00 -1.251771640777587891e+01 3.000681495666503906e+01 3.776515579223632812e+01 3.004976463317871094e+01 1.837673759460449219e+01 1.981652450561523438e+01 2.798518371582031250e+01 4.011081314086914062e+01 2.806174468994140625e+01
-4.032000064849853516e+00 -1.288186454772949219e+01 3.000678825378417969e+01 3.771586990356445312e+01 3.004972457885742188e+01 1.834192466735839844e+01 1.981549644470214844e+01 2.794334602355957031e+01 4.011188125610351562e+01 2.801959609985351562e+01
-4.116000175476074219e+00 -1.325142765045166016e+01 3.000676345825195312e+01 3.766659927368164062e+01 3.004968643188476562e+01 1.830709457397460938e+01 1.981446647644042969e+01 2.790150642395019531e+01 4.011295318603515625e+01 2.797744941711425781e+01
-4.199999809265136719e+00 -1.362651348114013672e+01 3.000673675537109375e+01 3.761734771728515625e+01 3.004964828491210938e+01 1.827224540710449219e+01 1.981343078613281250e+01 2.785966491699218750e+01 4.011402511596679688e+01 2.793530464172363281e+01
