Length: 70.0
Width: 65.0
Thickness: 0.2
Parameters: [(u'sphylinder_projection', (5.0, 5.0, 0.0, 3.5, 5.5, 0.94905000000000006), u'Hard'), (u'sphylinder_projection', (15.0, 5.0, 90.0, 3.5, 5.5, 0.94905000000000006), u'Hard'), (u'sphylinder_projection', (15.0, 15.0, 0.0, 3.5, 5.5, 0.94905000000000006), u'Hard'), (u'sphylinder_projection', (5.0, 15.0, 90.0, 3.5, 5.5, 0.94905000000000006), u'Hard')]
Displacement Force P1-x P1-y P3-x P3-y P4-x P4-y P2-x P2-y
0.000000000000000000e+00 -0.000000000000000000e+00 2.990814781188964844e+01 2.006918144226074219e+01 2.996007919311523438e+01 4.007696914672851562e+01 2.005109214782714844e+01 3.000233840942382812e+01 4.009485626220703125e+01 2.997200965881347656e+01
-8.399999886751174927e-02 -2.553914189338684082e-01 2.990804100036621094e+01 2.003348731994628906e+01 2.996010971069335938e+01 4.002841949462890625e+01 2.005072975158691406e+01 2.996053886413574219e+01 4.009519577026367188e+01 2.992986679077148438e+01
-1.679999977350234985e-01 -5.144038200378417969e-01 2.990793418884277344e+01 1.999778938293457031e+01 2.996014213562011719e+01 3.997987747192382812e+01 2.005036544799804688e+01 2.991874122619628906e+01 4.009553909301757812e+01 2.988772201538085938e+01
-2.520000040531158447e-01 -7.770988345146179199e-01 2.990782737731933594e+01 1.996208763122558594e+01 2.996017456054687500e+01 3.993133926391601562e+01 2.004999923706054688e+01 2.987694168090820312e+01 4.009588241577148438e+01 2.984557914733886719e+01
-3.359999954700469971e-01 -1.043543815612792969e+00 2.990771865844726562e+01 1.992638015747070312e+01 2.996020889282226562e+01 3.988280487060546875e+01 2.004963111877441406e+01 2.983514213562011719e+01 4.009622573852539062e+01 2.980343246459960938e+01
-4.199999868869781494e-01 -1.313806295394897461e+00 2.990760993957519531e+01 1.989067077636718750e+01 2.996024322509765625e+01 3.983427810668945312e+01 2.004925918579101562e+01 2.979334259033203125e+01 4.009657287597656250e+01 2.976128768920898438e+01
-5.040000081062316895e-01 -1.587954998016357422e+00 2.990749931335449219e+01 1.985495567321777344e+01 2.996027946472167969e+01 3.978575515747070312e+01 2.004888725280761719e+01 2.975154304504394531e+01 4.009692382812500000e+01 2.971914100646972656e+01
-5.879999995231628418e-01 -1.866060495376586914e+00 2.990738677978515625e+01 1.981923866271972656e+01 2.996031570434570312e+01 3.973723602294921875e+01 2.004851150512695312e+01 2.970974159240722656e+01 4.009727478027343750e+01 2.967699432373046875e+01
-6.719999909400939941e-01 -2.148195028305053711e+00 2.990727424621582031e+01 1.978351593017578125e+01 2.996035385131835938e+01 3.968872451782226562e+01 2.004813385009765625e+01 2.966794013977050781e+01 4.009762954711914062e+01 2.963484764099121094e+01
-7.559999823570251465e-01 -2.434431791305541992e+00 2.990716171264648438e+01 1.974778938293457031e+01 2.996039199829101562e+01 3.964021682739257812e+01 2.004775428771972656e+01 2.962613868713378906e+01 4.009798431396484375e+01 2.959270095825195312e+01
-8.399999737739562988e-01 -2.724846839904785156e+00 2.990704727172851562e+01 1.971206092834472656e+01 2.996043205261230469e+01 3.959171676635742188e+01 2.004737281799316406e+01 2.958433723449707031e+01 4.009834289550781250e+01 2.955055236816406250e+01
-9.240000247955322266e-01 -3.019516944885253906e+00 2.990693283081054688e+01 1.967632675170898438e+01 2.996047210693359375e+01 3.954322052001953125e+01 2.004698753356933594e+01 2.954253578186035156e+01 4.009870147705078125e+01 2.950840568542480469e+01
-1.008000016212463379e+00 -3.318521022796630859e+00 2.990681648254394531e+01 1.964058876037597656e+01 2.996051406860351562e+01 3.949472808837890625e+01 2.004660034179687500e+01 2.950073242187500000e+01 4.009906387329101562e+01 2.946625709533691406e+01
-1.092000007629394531e+00 -3.621939659118652344e+00 2.990669822692871094e+01 1.960484695434570312e+01 2.996055603027343750e+01 3.944623947143554688e+01 2.004621124267578125e+01 2.945892906188964844e+01 4.009943008422851562e+01 2.942410850524902344e+01
-1.175999999046325684e+00 -3.929855585098266602e+00 2.990657997131347656e+01 1.956910324096679688e+01 2.996060180664062500e+01 3.939775848388671875e+01 2.004582023620605469e+01 2.941712379455566406e+01 4.009979629516601562e+01 2.938195991516113281e+01
-1.259999990463256836e+00 -4.242353439331054688e+00 2.990645980834960938e+01 1.953335380554199219e+01 2.996064567565917969e+01 3.934928131103515625e+01 2.004542541503906250e+01 2.937531852722167969e+01 4.010016250610351562e+01 2.933981132507324219e+01
-1.343999981880187988e+00 -4.559519290924072266e+00 2.990633964538574219e+01 1.949760246276855469e+01 2.996069335937500000e+01 3.930081176757812500e+01 2.004503059387207031e+01 2.933351325988769531e+01 4.010053253173828125e+01 2.929766082763671875e+01
-1.427999973297119141e+00 -4.881442070007324219e+00 2.990621757507324219e+01 1.946184539794921875e+01 2.996074104309082031e+01 3.925234222412109375e+01 2.004463005065917969e+01 2.929170608520507812e+01 4.010090637207031250e+01 2.925551223754882812e+01
-1.511999964714050293e+00 -5.208212375640869141e+00 2.990609359741210938e+01 1.942608642578125000e+01 2.996078872680664062e+01 3.920388412475585938e+01 2.004422950744628906e+01 2.924989891052246094e+01 4.010128402709960938e+01 2.921336364746093750e+01
-1.595999956130981445e+00 -5.539922714233398438e+00 2.990596961975097656e+01 1.939032363891601562e+01 2.996084022521972656e+01 3.915542602539062500e+01 2.004382514953613281e+01 2.920809173583984375e+01 4.010166168212890625e+01 2.917121505737304688e+01
-1.679999947547912598e+00 -5.876667976379394531e+00 2.990584373474121094e+01 1.935455513000488281e+01 2.996089172363281250e+01 3.910697555541992188e+01 2.004341697692871094e+01 2.916628265380859375e+01 4.010203933715820312e+01 2.912906646728515625e+01
-1.764000058174133301e+00 -6.218545436859130859e+00 2.990571594238281250e+01 1.931878471374511719e+01 2.996094512939453125e+01 3.905852890014648438e+01 2.004300689697265625e+01 2.912447166442871094e+01 4.010242462158203125e+01 2.908691787719726562e+01
-1.848000049591064453e+00 -6.565654754638671875e+00 2.990558815002441406e+01 1.928301239013671875e+01 2.996100044250488281e+01 3.901008605957031250e+01 2.004259490966796875e+01 2.908266067504882812e+01 4.010280990600585938e+01 2.904476928710937500e+01
-1.932000041007995605e+00 -6.918097972869873047e+00 2.990545654296875000e+01 1.924723434448242188e+01 2.996105575561523438e+01 3.896164703369140625e+01 2.004217910766601562e+01 2.904084968566894531e+01 4.010319519042968750e+01 2.900262069702148438e+01
-2.016000032424926758e+00 -7.275979042053222656e+00 2.990532493591308594e+01 1.921145248413085938e+01 2.996111488342285156e+01 3.891321563720703125e+01 2.004176139831542969e+01 2.899903488159179688e+01 4.010358428955078125e+01 2.896047210693359375e+01
-2.099999904632568359e+00 -7.639405727386474609e+00 2.990519142150878906e+01 1.917566871643066406e+01 2.996117401123046875e+01 3.886478805541992188e+01 2.004133987426757812e+01 2.895722198486328125e+01 4.010397720336914062e+01 2.891832542419433594e+01
-2.184000015258789062e+00 -8.008486747741699219e+00 2.990505790710449219e+01 1.913988113403320312e+01 2.996123504638671875e+01 3.881636810302734375e+01 2.004091644287109375e+01 2.891540527343750000e+01 4.010437393188476562e+01 2.887617874145507812e+01
-2.267999887466430664e+00 -8.383335113525390625e+00 2.990492057800292969e+01 1.910408973693847656e+01 2.996129798889160156e+01 3.876794815063476562e+01 2.004048919677734375e+01 2.887359046936035156e+01 4.010477066040039062e+01 2.883403205871582031e+01
-2.351999998092651367e+00 -8.764064788818359375e+00 2.990478324890136719e+01 1.906829452514648438e+01 2.996136283874511719e+01 3.871953582763671875e+01 2.004006004333496094e+01 2.883177185058593750e+01 4.010517120361328125e+01 2.879188537597656250e+01
-2.436000108718872070e+00 -9.150794029235839844e+00 2.990464210510253906e+01 1.903249549865722656e+01 2.996142768859863281e+01 3.867113113403320312e+01 2.003962707519531250e+01 2.878995323181152344e+01 4.010557556152343750e+01 2.874974060058593750e+01
-2.519999980926513672e+00 -9.543643951416015625e+00 2.990450096130371094e+01 1.899669456481933594e+01 2.996149635314941406e+01 3.862272644042968750e+01 2.003919219970703125e+01 2.874813270568847656e+01 4.010597991943359375e+01 2.870759582519531250e+01
-2.604000091552734375e+00 -9.942738533020019531e+00 2.990435791015625000e+01 1.896088981628417969e+01 2.996156692504882812e+01 3.857432937622070312e+01 2.003875160217285156e+01 2.870631027221679688e+01 4.010638809204101562e+01 2.866545104980468750e+01
-2.687999963760375977e+00 -1.034820365905761719e+01 2.990421295166015625e+01 1.892508125305175781e+01 2.996163940429687500e+01 3.852593612670898438e+01 2.003831100463867188e+01 2.866448593139648438e+01 4.010680007934570312e+01 2.862330818176269531e+01
-2.772000074386596680e+00 -1.076016902923583984e+01 2.990406417846679688e+01 1.888926887512207031e+01 2.996171379089355469e+01 3.847754669189453125e+01 2.003786468505859375e+01 2.862266159057617188e+01 4.010721588134765625e+01 2.858116531372070312e+01
-2.855999946594238281e+00 -1.117877006530761719e+01 2.990391540527343750e+01 1.885345458984375000e+01 2.996179008483886719e+01 3.842916107177734375e+01 2.003741645812988281e+01 2.858083534240722656e+01 4.010763168334960938e+01 2.853902435302734375e+01
-2.940000057220458984e+00 -1.160414123535156250e+01 2.990376472473144531e+01 1.881763648986816406e+01 2.996187019348144531e+01 3.838078308105468750e+01 2.003696441650390625e+01 2.853900718688964844e+01 4.010805130004882812e+01 2.849688339233398438e+01
-3.023999929428100586e+00 -1.203642368316650391e+01 2.990361022949218750e+01 1.878181648254394531e+01 2.996195030212402344e+01 3.833240890502929688e+01 2.003650856018066406e+01 2.849717712402343750e+01 4.010847473144531250e+01 2.845474433898925781e+01
-3.108000040054321289e+00 -1.247576141357421875e+01 2.990345382690429688e+01 1.874599075317382812e+01 2.996203422546386719e+01 3.828403854370117188e+01 2.003605079650878906e+01 2.845534515380859375e+01 4.010889816284179688e+01 2.841260528564453125e+01
-3.191999912261962891e+00 -1.292230033874511719e+01 2.990329551696777344e+01 1.871016311645507812e+01 2.996212005615234375e+01 3.823567581176757812e+01 2.003558921813964844e+01 2.841351318359375000e+01 4.010932922363281250e+01 2.837046813964843750e+01
-3.276000022888183594e+00 -1.337619304656982422e+01 2.990313529968261719e+01 1.867433357238769531e+01 2.996220779418945312e+01 3.818731307983398438e+01 2.003512191772460938e+01 2.837167739868164062e+01 4.010976028442382812e+01 2.832833290100097656e+01
-3.359999895095825195e+00 -1.383759403228759766e+01 2.990297317504882812e+01 1.863849830627441406e+01 2.996229934692382812e+01 3.813895797729492188e+01 2.003465270996093750e+01 2.832983970642089844e+01 4.011019515991210938e+01 2.828619956970214844e+01
-3.444000005722045898e+00 -1.430666255950927734e+01 2.990280723571777344e+01 1.860266113281250000e+01 2.996239280700683594e+01 3.809060668945312500e+01 2.003418159484863281e+01 2.828800010681152344e+01 4.011063385009765625e+01 2.824406623840332031e+01
-3.528000116348266602e+00 -1.478356075286865234e+01 2.990263938903808594e+01 1.856682205200195312e+01 2.996248817443847656e+01 3.804226303100585938e+01 2.003370475769042969e+01 2.824615859985351562e+01 4.011107635498046875e+01 2.820193481445312500e+01
-3.611999988555908203e+00 -1.526845741271972656e+01 2.990246772766113281e+01 1.853097915649414062e+01 2.996258735656738281e+01 3.799391937255859375e+01 2.003322410583496094e+01 2.820431518554687500e+01 4.011151885986328125e+01 2.815980529785156250e+01
-3.696000099182128906e+00 -1.576152324676513672e+01 2.990229415893554688e+01 1.849513244628906250e+01 2.996269035339355469e+01 3.794558334350585938e+01 2.003273963928222656e+01 2.816246986389160156e+01 4.011196517944335938e+01 2.811767768859863281e+01
-3.779999971389770508e+00 -1.626293563842773438e+01 2.990211677551269531e+01 1.845928382873535156e+01 2.996279525756835938e+01 3.789725112915039062e+01 2.003225135803222656e+01 2.812062263488769531e+01 4.011241912841796875e+01 2.807555198669433594e+01
-3.864000082015991211e+00 -1.677287292480468750e+01 2.990193748474121094e+01 1.842343139648437500e+01 2.996290397644042969e+01 3.784892272949218750e+01 2.003175926208496094e+01 2.807877159118652344e+01 4.011287307739257812e+01 2.803342628479003906e+01
-3.947999954223632812e+00 -1.729152488708496094e+01 2.990175437927246094e+01 1.838757705688476562e+01 2.996301460266113281e+01 3.780060195922851562e+01 2.003126335144042969e+01 2.803691864013671875e+01 4.011333084106445312e+01 2.799130439758300781e+01
-4.032000064849853516e+00 -1.781907844543457031e+01 2.990156936645507812e+01 1.835171890258789062e+01 2.996313095092773438e+01 3.775228118896484375e+01 2.003076362609863281e+01 2.799506378173828125e+01 4.011379241943359375e+01 2.794918441772460938e+01
-4.116000175476074219e+00 -1.835573005676269531e+01 2.990138053894042969e+01 1.831585884094238281e+01 2.996324920654296875e+01 3.770396804809570312e+01 2.003026008605957031e+01 2.795320701599121094e+01 4.011425781250000000e+01 2.790706634521484375e+01
-4.199999809265136719e+00 -1.890167999267578125e+01 2.990118789672851562e+01 1.827999496459960938e+01 2.996337127685546875e+01 3.765565872192382812e+01 2.002975082397460938e+01 2.791134643554687500e+01 4.011472702026367188e+01 2.786495208740234375e+01
