Length: 70.0
Width: 65.0
Thickness: 0.2
Parameters: [(u'sphylinder_projection', (5.0, 5.0, 0.0, 3.5, 5.5, 0.0), u'Hard'), (u'sphylinder_projection', (15.0, 5.0, 90.0, 3.5, 5.5, 0.0), u'Hard'), (u'sphylinder_projection', (15.0, 15.0, 0.0, 3.5, 5.5, 0.0), u'Hard'), (u'sphylinder_projection', (5.0, 15.0, 90.0, 3.5, 5.5, 0.0), u'Hard')]
Displacement Force P3-x P3-y P2-x P2-y P4-x P4-y P1-x P1-y
0.000000000000000000e+00 -0.000000000000000000e+00 2.989687728881835938e+01 3.998218154907226562e+01 3.992712783813476562e+01 3.006436347961425781e+01 2.008290672302246094e+01 3.007277870178222656e+01 3.014665222167968750e+01 2.000241279602050781e+01
-8.399999886751174927e-02 -1.940071284770965576e-01 2.989694595336914062e+01 3.993220520019531250e+01 3.992812347412109375e+01 3.002217292785644531e+01 2.008185386657714844e+01 3.003082084655761719e+01 3.014657211303710938e+01 1.996840286254882812e+01
-1.679999977350234985e-01 -3.903404772281646729e-01 2.989701461791992188e+01 3.988224411010742188e+01 3.992912292480468750e+01 2.997998237609863281e+01 2.008079719543457031e+01 2.998886299133300781e+01 3.014649009704589844e+01 1.993437767028808594e+01
-2.520000040531158447e-01 -5.890337228775024414e-01 2.989708518981933594e+01 3.983229827880859375e+01 3.993012237548828125e+01 2.993779373168945312e+01 2.007973861694335938e+01 2.994690513610839844e+01 3.014640998840332031e+01 1.990033912658691406e+01
-3.359999954700469971e-01 -7.901270985603332520e-01 2.989715385437011719e+01 3.978236770629882812e+01 3.993112564086914062e+01 2.989560508728027344e+01 2.007867622375488281e+01 2.990494728088378906e+01 3.014632797241210938e+01 1.986628341674804688e+01
-4.199999868869781494e-01 -9.936597943305969238e-01 2.989722251892089844e+01 3.973244857788085938e+01 3.993213272094726562e+01 2.985341453552246094e+01 2.007761192321777344e+01 2.986298942565917969e+01 3.014624786376953125e+01 1.983221244812011719e+01
-5.040000081062316895e-01 -1.199671626091003418e+00 2.989729309082031250e+01 3.968254852294921875e+01 3.993314361572265625e+01 2.981122779846191406e+01 2.007654380798339844e+01 2.982103347778320312e+01 3.014616584777832031e+01 1.979812812805175781e+01
-5.879999995231628418e-01 -1.408203601837158203e+00 2.989736175537109375e+01 3.963266372680664062e+01 3.993415832519531250e+01 2.976903915405273438e+01 2.007547187805175781e+01 2.977907562255859375e+01 3.014608383178710938e+01 1.976402664184570312e+01
-6.719999909400939941e-01 -1.619297027587890625e+00 2.989743232727050781e+01 3.958279037475585938e+01 3.993517303466796875e+01 2.972685241699218750e+01 2.007439804077148438e+01 2.973711967468261719e+01 3.014600181579589844e+01 1.972990989685058594e+01
-7.559999823570251465e-01 -1.832994699478149414e+00 2.989750289916992188e+01 3.953293609619140625e+01 3.993619155883789062e+01 2.968466567993164062e+01 2.007332229614257812e+01 2.969516181945800781e+01 3.014591979980468750e+01 1.969577789306640625e+01
-8.399999737739562988e-01 -2.049340009689331055e+00 2.989757156372070312e+01 3.948309707641601562e+01 3.993721389770507812e+01 2.964247894287109375e+01 2.007224273681640625e+01 2.965320587158203125e+01 3.014583587646484375e+01 1.966163063049316406e+01
-9.240000247955322266e-01 -2.268377065658569336e+00 2.989764213562011719e+01 3.943327331542968750e+01 3.993824005126953125e+01 2.960029220581054688e+01 2.007115936279296875e+01 2.961124801635742188e+01 3.014575386047363281e+01 1.962746620178222656e+01
-1.008000016212463379e+00 -2.490151166915893555e+00 2.989771270751953125e+01 3.938346481323242188e+01 3.993927001953125000e+01 2.955810737609863281e+01 2.007007408142089844e+01 2.956929206848144531e+01 3.014567184448242188e+01 1.959328651428222656e+01
-1.092000007629394531e+00 -2.714708566665649414e+00 2.989778327941894531e+01 3.933367156982421875e+01 3.994029998779296875e+01 2.951592254638671875e+01 2.006898498535156250e+01 2.952733421325683594e+01 3.014558792114257812e+01 1.955909156799316406e+01
-1.175999999046325684e+00 -2.942096710205078125e+00 2.989785385131835938e+01 3.928389358520507812e+01 3.994133377075195312e+01 2.947373771667480469e+01 2.006789207458496094e+01 2.948537826538085938e+01 3.014550590515136719e+01 1.952487945556640625e+01
-1.259999990463256836e+00 -3.172363519668579102e+00 2.989792442321777344e+01 3.923413467407226562e+01 3.994237136840820312e+01 2.943155479431152344e+01 2.006679725646972656e+01 2.944342041015625000e+01 3.014542198181152344e+01 1.949065208435058594e+01
-1.343999981880187988e+00 -3.405558347702026367e+00 2.989799499511718750e+01 3.918438720703125000e+01 3.994341278076171875e+01 2.938937187194824219e+01 2.006570053100585938e+01 2.940146446228027344e+01 3.014533805847167969e+01 1.945640754699707031e+01
-1.427999973297119141e+00 -3.641731739044189453e+00 2.989806556701660156e+01 3.913465881347656250e+01 3.994445419311523438e+01 2.934719085693359375e+01 2.006459808349609375e+01 2.935950660705566406e+01 3.014525413513183594e+01 1.942214775085449219e+01
-1.511999964714050293e+00 -3.880934715270996094e+00 2.989813613891601562e+01 3.908494567871093750e+01 3.994550323486328125e+01 2.930500793457031250e+01 2.006349372863769531e+01 2.931755065917968750e+01 3.014517211914062500e+01 1.938787078857421875e+01
-1.595999956130981445e+00 -4.123219966888427734e+00 2.989820861816406250e+01 3.903525161743164062e+01 3.994655227661132812e+01 2.926282691955566406e+01 2.006238746643066406e+01 2.927559280395507812e+01 3.014508819580078125e+01 1.935357666015625000e+01
-1.679999947547912598e+00 -4.368641376495361328e+00 2.989827919006347656e+01 3.898556900024414062e+01 3.994760513305664062e+01 2.922064781188964844e+01 2.006127738952636719e+01 2.923363494873046875e+01 3.014500427246093750e+01 1.931926727294921875e+01
-1.764000058174133301e+00 -4.617253303527832031e+00 2.989834976196289062e+01 3.893590545654296875e+01 3.994866180419921875e+01 2.917846870422363281e+01 2.006016349792480469e+01 2.919167900085449219e+01 3.014491844177246094e+01 1.928494071960449219e+01
-1.848000049591064453e+00 -4.869112491607666016e+00 2.989842224121093750e+01 3.888626098632812500e+01 3.994971847534179688e+01 2.913628959655761719e+01 2.005904769897460938e+01 2.914972114562988281e+01 3.014483451843261719e+01 1.925059700012207031e+01
-1.932000041007995605e+00 -5.124275684356689453e+00 2.989849281311035156e+01 3.883662796020507812e+01 3.995078277587890625e+01 2.909411239624023438e+01 2.005792617797851562e+01 2.910776329040527344e+01 3.014475059509277344e+01 1.921623611450195312e+01
-2.016000032424926758e+00 -5.382801532745361328e+00 2.989856338500976562e+01 3.878701400756835938e+01 3.995184707641601562e+01 2.905193519592285156e+01 2.005680465698242188e+01 2.906580543518066406e+01 3.014466667175292969e+01 1.918185806274414062e+01
-2.099999904632568359e+00 -5.644750118255615234e+00 2.989863586425781250e+01 3.873741912841796875e+01 3.995291900634765625e+01 2.900975990295410156e+01 2.005567741394042969e+01 2.902384757995605469e+01 3.014458084106445312e+01 1.914746475219726562e+01
-2.184000015258789062e+00 -5.910181999206542969e+00 2.989870643615722656e+01 3.868783950805664062e+01 3.995399093627929688e+01 2.896758460998535156e+01 2.005454826354980469e+01 2.898188972473144531e+01 3.014449691772460938e+01 1.911305236816406250e+01
-2.267999887466430664e+00 -6.179160594940185547e+00 2.989877700805664062e+01 3.863827514648437500e+01 3.995506668090820312e+01 2.892540931701660156e+01 2.005341720581054688e+01 2.893992996215820312e+01 3.014441299438476562e+01 1.907862281799316406e+01
-2.351999998092651367e+00 -6.451749324798583984e+00 2.989884948730468750e+01 3.858872985839843750e+01 3.995614242553710938e+01 2.888323593139648438e+01 2.005228042602539062e+01 2.889797210693359375e+01 3.014432716369628906e+01 1.904417800903320312e+01
-2.436000108718872070e+00 -6.728013515472412109e+00 2.989892005920410156e+01 3.853920364379882812e+01 3.995722579956054688e+01 2.884106445312500000e+01 2.005114173889160156e+01 2.885601234436035156e+01 3.014424324035644531e+01 1.900971412658691406e+01
-2.519999980926513672e+00 -7.008019924163818359e+00 2.989899253845214844e+01 3.848969268798828125e+01 3.995831298828125000e+01 2.879889297485351562e+01 2.004999923706054688e+01 2.881405258178710938e+01 3.014415740966796875e+01 1.897523117065429688e+01
-2.604000091552734375e+00 -7.291837215423583984e+00 2.989906311035156250e+01 3.844020080566406250e+01 3.995940017700195312e+01 2.875672149658203125e+01 2.004885482788085938e+01 2.877209281921386719e+01 3.014407348632812500e+01 1.894073295593261719e+01
-2.687999963760375977e+00 -7.579535484313964844e+00 2.989913558959960938e+01 3.839072418212890625e+01 3.996049118041992188e+01 2.871455383300781250e+01 2.004770469665527344e+01 2.873013114929199219e+01 3.014398765563964844e+01 1.890621566772460938e+01
-2.772000074386596680e+00 -7.871185302734375000e+00 2.989920616149902344e+01 3.834126663208007812e+01 3.996158981323242188e+01 2.867238426208496094e+01 2.004655265808105469e+01 2.868817138671875000e+01 3.014390182495117188e+01 1.887168121337890625e+01
-2.855999946594238281e+00 -8.166860580444335938e+00 2.989927673339843750e+01 3.829182434082031250e+01 3.996268844604492188e+01 2.863021850585937500e+01 2.004539871215820312e+01 2.864620971679687500e+01 3.014381790161132812e+01 1.883712768554687500e+01
-2.940000057220458984e+00 -8.466634750366210938e+00 2.989934921264648438e+01 3.824240112304687500e+01 3.996379089355468750e+01 2.858805274963378906e+01 2.004423904418945312e+01 2.860424804687500000e+01 3.014373207092285156e+01 1.880255699157714844e+01
-3.023999929428100586e+00 -8.770586013793945312e+00 2.989941978454589844e+01 3.819299697875976562e+01 3.996489334106445312e+01 2.854588699340820312e+01 2.004307746887207031e+01 2.856228637695312500e+01 3.014364624023437500e+01 1.876796913146972656e+01
-3.108000040054321289e+00 -9.078791618347167969e+00 2.989949226379394531e+01 3.814361190795898438e+01 3.996600341796875000e+01 2.850372314453125000e+01 2.004191207885742188e+01 2.852032279968261719e+01 3.014356231689453125e+01 1.873336219787597656e+01
-3.191999912261962891e+00 -9.391331672668457031e+00 2.989956283569335938e+01 3.809424209594726562e+01 3.996711730957031250e+01 2.846156120300292969e+01 2.004074287414550781e+01 2.847835922241210938e+01 3.014347648620605469e+01 1.869873619079589844e+01
-3.276000022888183594e+00 -9.708288192749023438e+00 2.989963340759277344e+01 3.804489135742187500e+01 3.996823120117187500e+01 2.841940116882324219e+01 2.003957176208496094e+01 2.843639564514160156e+01 3.014339065551757812e+01 1.866409111022949219e+01
-3.359999895095825195e+00 -1.002974414825439453e+01 2.989970397949218750e+01 3.799555969238281250e+01 3.996935272216796875e+01 2.837724113464355469e+01 2.003839492797851562e+01 2.839443206787109375e+01 3.014330673217773438e+01 1.862942886352539062e+01
-3.444000005722045898e+00 -1.035578536987304688e+01 2.989977645874023438e+01 3.794624710083007812e+01 3.997047424316406250e+01 2.833508300781250000e+01 2.003721618652343750e+01 2.835246658325195312e+01 3.014322090148925781e+01 1.859474754333496094e+01
-3.528000116348266602e+00 -1.068649959564208984e+01 2.989984703063964844e+01 3.789694976806640625e+01 3.997160339355468750e+01 2.829292488098144531e+01 2.003603363037109375e+01 2.831050109863281250e+01 3.014313507080078125e+01 1.856004714965820312e+01
-3.611999988555908203e+00 -1.102197742462158203e+01 2.989991760253906250e+01 3.784767532348632812e+01 3.997273254394531250e+01 2.825077056884765625e+01 2.003484916687011719e+01 2.826853370666503906e+01 3.014305114746093750e+01 1.852532768249511719e+01
-3.696000099182128906e+00 -1.136230850219726562e+01 2.989998817443847656e+01 3.779841613769531250e+01 3.997386550903320312e+01 2.820861625671386719e+01 2.003365898132324219e+01 2.822656631469726562e+01 3.014296531677246094e+01 1.849058914184570312e+01
-3.779999971389770508e+00 -1.170758724212646484e+01 2.990005874633789062e+01 3.774917984008789062e+01 3.997500228881835938e+01 2.816646385192871094e+01 2.003246688842773438e+01 2.818459892272949219e+01 3.014288139343261719e+01 1.845583343505859375e+01
-3.864000082015991211e+00 -1.205790996551513672e+01 2.990012931823730469e+01 3.769995880126953125e+01 3.997614288330078125e+01 2.812431335449218750e+01 2.003126907348632812e+01 2.814262962341308594e+01 3.014279556274414062e+01 1.842105674743652344e+01
-3.947999954223632812e+00 -1.241337394714355469e+01 2.990019798278808594e+01 3.765075683593750000e+01 3.997728729248046875e+01 2.808216285705566406e+01 2.003006935119628906e+01 2.810065841674804688e+01 3.014271163940429688e+01 1.838626098632812500e+01
-4.032000064849853516e+00 -1.277408123016357422e+01 2.990026855468750000e+01 3.760157394409179688e+01 3.997843551635742188e+01 2.804001617431640625e+01 2.002886581420898438e+01 2.805868721008300781e+01 3.014262580871582031e+01 1.835144615173339844e+01
-4.116000175476074219e+00 -1.314013195037841797e+01 2.990033912658691406e+01 3.755241394042968750e+01 3.997958755493164062e+01 2.799786949157714844e+01 2.002765846252441406e+01 2.801671600341796875e+01 3.014254188537597656e+01 1.831661224365234375e+01
-4.199999809265136719e+00 -1.351163291931152344e+01 2.990040779113769531e+01 3.750326919555664062e+01 3.998074340820312500e+01 2.795572662353515625e+01 2.002644729614257812e+01 2.797474288940429688e+01 3.014245796203613281e+01 1.828175926208496094e+01
