Length: 70.0
Width: 65.0
Thickness: 0.2
Parameters: [(u'sphylinder_projection', (5.0, 5.0, 0.0, 3.5, 5.5, 0.0), u'Hard'), (u'sphylinder_projection', (15.0, 5.0, 90.0, 3.5, 5.5, 0.0), u'Hard'), (u'sphylinder_projection', (15.0, 15.0, 0.0, 3.5, 5.5, 0.0), u'Hard'), (u'sphylinder_projection', (5.0, 15.0, 90.0, 3.5, 5.5, 0.0), u'Hard')]
Displacement Force P3-x P3-y P2-x P2-y P4-x P4-y P1-x P1-y
0.000000000000000000e+00 -0.000000000000000000e+00 2.989687728881835938e+01 3.998218154907226562e+01 3.992712783813476562e+01 3.006436347961425781e+01 2.008290672302246094e+01 3.007277870178222656e+01 3.014665222167968750e+01 2.000241279602050781e+01
8.399999886751174927e-02 1.917199939489364624e-01 2.989680862426757812e+01 4.003217315673828125e+01 3.992613220214843750e+01 3.010655403137207031e+01 2.008395957946777344e+01 3.011473655700683594e+01 3.014673233032226562e+01 2.003640747070312500e+01
1.679999977350234985e-01 3.811910748481750488e-01 2.989673995971679688e+01 4.008217620849609375e+01 3.992514419555664062e+01 3.014874458312988281e+01 2.008500862121582031e+01 3.015669441223144531e+01 3.014681243896484375e+01 2.007038688659667969e+01
2.520000040531158447e-01 5.684448480606079102e-01 2.989667129516601562e+01 4.013219833374023438e+01 3.992415618896484375e+01 3.019093704223632812e+01 2.008605384826660156e+01 3.019865417480468750e+01 3.014689445495605469e+01 2.010435295104980469e+01
3.359999954700469971e-01 7.535177469253540039e-01 2.989660263061523438e+01 4.018223190307617188e+01 3.992316818237304688e+01 3.023312950134277344e+01 2.008709716796875000e+01 3.024061203002929688e+01 3.014697456359863281e+01 2.013830375671386719e+01
4.199999868869781494e-01 9.364437460899353027e-01 2.989653396606445312e+01 4.023228073120117188e+01 3.992218780517578125e+01 3.027532005310058594e+01 2.008813858032226562e+01 3.028257179260253906e+01 3.014705276489257812e+01 2.017223930358886719e+01
5.040000081062316895e-01 1.117256164550781250e+00 2.989646530151367188e+01 4.028234481811523438e+01 3.992120742797851562e+01 3.031751251220703125e+01 2.008917617797851562e+01 3.032453155517578125e+01 3.014713287353515625e+01 2.020616149902343750e+01
5.879999995231628418e-01 1.295987486839294434e+00 2.989639854431152344e+01 4.033242034912109375e+01 3.992023086547851562e+01 3.035970497131347656e+01 2.009020996093750000e+01 3.036649131774902344e+01 3.014721298217773438e+01 2.024006843566894531e+01
6.719999909400939941e-01 1.472669720649719238e+00 2.989632987976074219e+01 4.038251495361328125e+01 3.991925430297851562e+01 3.040189933776855469e+01 2.009124183654785156e+01 3.040845108032226562e+01 3.014729118347167969e+01 2.027396011352539062e+01
7.559999823570251465e-01 1.647334218025207520e+00 2.989626312255859375e+01 4.043262100219726562e+01 3.991828536987304688e+01 3.044409179687500000e+01 2.009227180480957031e+01 3.045041084289550781e+01 3.014736938476562500e+01 2.030783843994140625e+01
8.399999737739562988e-01 1.820011734962463379e+00 2.989619636535644531e+01 4.048273849487304688e+01 3.991731643676757812e+01 3.048628616333007812e+01 2.009329795837402344e+01 3.049237060546875000e+01 3.014744758605957031e+01 2.034170150756835938e+01
9.240000247955322266e-01 1.990732431411743164e+00 2.989612770080566406e+01 4.053287124633789062e+01 3.991635131835937500e+01 3.052847862243652344e+01 2.009432220458984375e+01 3.053433227539062500e+01 3.014752578735351562e+01 2.037555122375488281e+01
1.008000016212463379e+00 2.159525632858276367e+00 2.989606094360351562e+01 4.058301925659179688e+01 3.991538619995117188e+01 3.057067298889160156e+01 2.009534263610839844e+01 3.057629394531250000e+01 3.014760398864746094e+01 2.040938758850097656e+01
1.092000007629394531e+00 2.326420545578002930e+00 2.989599418640136719e+01 4.063318252563476562e+01 3.991442871093750000e+01 3.061286735534667969e+01 2.009636116027832031e+01 3.061825370788574219e+01 3.014768218994140625e+01 2.044320869445800781e+01
1.175999999046325684e+00 2.491445779800415039e+00 2.989592933654785156e+01 4.068335723876953125e+01 3.991347122192382812e+01 3.065506172180175781e+01 2.009737586975097656e+01 3.066021537780761719e+01 3.014776039123535156e+01 2.047701644897460938e+01
1.259999990463256836e+00 2.654628753662109375e+00 2.989586257934570312e+01 4.073354721069335938e+01 3.991251373291015625e+01 3.069725608825683594e+01 2.009838867187500000e+01 3.070217895507812500e+01 3.014783668518066406e+01 2.051081085205078125e+01
1.343999981880187988e+00 2.815996885299682617e+00 2.989579582214355469e+01 4.078374862670898438e+01 3.991156387329101562e+01 3.073945045471191406e+01 2.009939956665039062e+01 3.074414062500000000e+01 3.014791297912597656e+01 2.054458999633789062e+01
1.427999973297119141e+00 2.975577354431152344e+00 2.989573097229003906e+01 4.083396530151367188e+01 3.991061401367187500e+01 3.078164482116699219e+01 2.010040664672851562e+01 3.078610420227050781e+01 3.014798927307128906e+01 2.057835578918457031e+01
1.511999964714050293e+00 3.133396148681640625e+00 2.989566421508789062e+01 4.088419342041015625e+01 3.990966796875000000e+01 3.082383918762207031e+01 2.010140991210937500e+01 3.082806777954101562e+01 3.014806556701660156e+01 2.061210823059082031e+01
1.595999956130981445e+00 3.289479255676269531e+00 2.989559936523437500e+01 4.093443679809570312e+01 3.990872192382812500e+01 3.086603355407714844e+01 2.010241317749023438e+01 3.087003135681152344e+01 3.014814186096191406e+01 2.064584732055664062e+01
1.679999947547912598e+00 3.443852186203002930e+00 2.989553451538085938e+01 4.098469543457031250e+01 3.990777969360351562e+01 3.090822982788085938e+01 2.010341072082519531e+01 3.091199493408203125e+01 3.014821815490722656e+01 2.067957305908203125e+01
1.764000058174133301e+00 3.596539258956909180e+00 2.989546966552734375e+01 4.103496551513671875e+01 3.990684127807617188e+01 3.095042419433593750e+01 2.010440826416015625e+01 3.095395851135253906e+01 3.014829254150390625e+01 2.071328544616699219e+01
1.848000049591064453e+00 3.747565269470214844e+00 2.989540481567382812e+01 4.108524703979492188e+01 3.990590667724609375e+01 3.099262046813964844e+01 2.010540199279785156e+01 3.099592399597167969e+01 3.014836692810058594e+01 2.074698257446289062e+01
1.932000041007995605e+00 3.896954298019409180e+00 2.989533996582031250e+01 4.113554382324218750e+01 3.990497207641601562e+01 3.103481483459472656e+01 2.010639190673828125e+01 3.103788948059082031e+01 3.014844322204589844e+01 2.078066825866699219e+01
2.016000032424926758e+00 4.044729232788085938e+00 2.989527702331542969e+01 4.118585205078125000e+01 3.990404129028320312e+01 3.107701110839843750e+01 2.010738182067871094e+01 3.107985496520996094e+01 3.014851570129394531e+01 2.081433868408203125e+01
2.099999904632568359e+00 4.190913677215576172e+00 2.989521217346191406e+01 4.123617553710937500e+01 3.990311431884765625e+01 3.111920547485351562e+01 2.010836601257324219e+01 3.112182235717773438e+01 3.014859008789062500e+01 2.084799766540527344e+01
2.184000015258789062e+00 4.335530281066894531e+00 2.989514923095703125e+01 4.128651046752929688e+01 3.990218734741210938e+01 3.116140174865722656e+01 2.010935020446777344e+01 3.116378784179687500e+01 3.014866447448730469e+01 2.088164329528808594e+01
2.267999887466430664e+00 4.478601455688476562e+00 2.989508628845214844e+01 4.133685684204101562e+01 3.990126419067382812e+01 3.120359802246093750e+01 2.011033058166503906e+01 3.120575523376464844e+01 3.014873695373535156e+01 2.091527557373046875e+01
2.351999998092651367e+00 4.620148181915283203e+00 2.989502334594726562e+01 4.138721847534179688e+01 3.990034103393554688e+01 3.124579238891601562e+01 2.011130905151367188e+01 3.124772262573242188e+01 3.014881134033203125e+01 2.094889450073242188e+01
2.436000108718872070e+00 4.760192394256591797e+00 2.989496040344238281e+01 4.143759536743164062e+01 3.989942550659179688e+01 3.128798866271972656e+01 2.011228370666503906e+01 3.128969001770019531e+01 3.014888381958007812e+01 2.098250007629394531e+01
2.519999980926513672e+00 4.898755550384521484e+00 2.989489746093750000e+01 4.148797988891601562e+01 3.989850997924804688e+01 3.133018493652343750e+01 2.011325645446777344e+01 3.133165931701660156e+01 3.014895439147949219e+01 2.101609230041503906e+01
2.604000091552734375e+00 5.035857677459716797e+00 2.989483451843261719e+01 4.153837966918945312e+01 3.989759445190429688e+01 3.137238121032714844e+01 2.011422729492187500e+01 3.137362861633300781e+01 3.014902687072753906e+01 2.104967308044433594e+01
2.687999963760375977e+00 5.171518802642822266e+00 2.989477348327636719e+01 4.158879089355468750e+01 3.989668655395507812e+01 3.141457557678222656e+01 2.011519432067871094e+01 3.141559791564941406e+01 3.014909934997558594e+01 2.108324050903320312e+01
2.772000074386596680e+00 5.305759906768798828e+00 2.989471244812011719e+01 4.163921737670898438e+01 3.989577484130859375e+01 3.145677185058593750e+01 2.011615943908691406e+01 3.145756721496582031e+01 3.014916992187500000e+01 2.111679458618164062e+01
2.855999946594238281e+00 5.438599586486816406e+00 2.989464950561523438e+01 4.168965530395507812e+01 3.989487075805664062e+01 3.149896812438964844e+01 2.011712265014648438e+01 3.149953842163085938e+01 3.014924049377441406e+01 2.115033721923828125e+01
2.940000057220458984e+00 5.570057868957519531e+00 2.989458847045898438e+01 4.174010467529296875e+01 3.989396667480468750e+01 3.154116249084472656e+01 2.011808204650878906e+01 3.154150962829589844e+01 3.014931106567382812e+01 2.118386650085449219e+01
3.023999929428100586e+00 5.700152873992919922e+00 2.989452934265136719e+01 4.179056549072265625e+01 3.989306640625000000e+01 3.158335876464843750e+01 2.011903953552246094e+01 3.158348083496093750e+01 3.014938163757324219e+01 2.121738243103027344e+01
3.108000040054321289e+00 5.828903675079345703e+00 2.989446830749511719e+01 4.184103775024414062e+01 3.989216613769531250e+01 3.162555503845214844e+01 2.011999511718750000e+01 3.162545394897460938e+01 3.014945030212402344e+01 2.125088691711425781e+01
3.191999912261962891e+00 5.956327915191650391e+00 2.989440727233886719e+01 4.189152526855468750e+01 3.989127349853515625e+01 3.166774940490722656e+01 2.012094879150390625e+01 3.166742706298828125e+01 3.014952087402343750e+01 2.128437805175781250e+01
3.276000022888183594e+00 6.082444190979003906e+00 2.989434814453125000e+01 4.194202423095703125e+01 3.989037704467773438e+01 3.170994567871093750e+01 2.012189865112304688e+01 3.170940017700195312e+01 3.014958953857421875e+01 2.131785583496093750e+01
3.359999895095825195e+00 6.207269668579101562e+00 2.989428901672363281e+01 4.199253845214843750e+01 3.988948822021484375e+01 3.175214004516601562e+01 2.012284660339355469e+01 3.175137329101562500e+01 3.014965820312500000e+01 2.135132217407226562e+01
3.444000005722045898e+00 6.330821514129638672e+00 2.989422988891601562e+01 4.204306030273437500e+01 3.988859939575195312e+01 3.179433631896972656e+01 2.012379074096679688e+01 3.179334831237792969e+01 3.014972686767578125e+01 2.138477706909179688e+01
3.528000116348266602e+00 6.453117370605468750e+00 2.989417076110839844e+01 4.209359741210937500e+01 3.988771057128906250e+01 3.183653068542480469e+01 2.012473297119140625e+01 3.183532142639160156e+01 3.014979362487792969e+01 2.141821861267089844e+01
3.611999988555908203e+00 6.574172973632812500e+00 2.989411163330078125e+01 4.214414215087890625e+01 3.988682937622070312e+01 3.187872695922851562e+01 2.012567329406738281e+01 3.187729835510253906e+01 3.014986228942871094e+01 2.145164871215820312e+01
3.696000099182128906e+00 6.694005489349365234e+00 2.989405441284179688e+01 4.219470214843750000e+01 3.988594436645507812e+01 3.192092132568359375e+01 2.012661170959472656e+01 3.191927337646484375e+01 3.014992904663085938e+01 2.148506546020507812e+01
3.779999971389770508e+00 6.812630176544189453e+00 2.989399528503417969e+01 4.224527359008789062e+01 3.988506698608398438e+01 3.196311759948730469e+01 2.012754631042480469e+01 3.196125030517578125e+01 3.014999580383300781e+01 2.151847076416015625e+01
3.864000082015991211e+00 6.930063724517822266e+00 2.989393806457519531e+01 4.229585647583007812e+01 3.988418960571289062e+01 3.200531005859375000e+01 2.012847900390625000e+01 3.200322723388671875e+01 3.015006065368652344e+01 2.155186462402343750e+01
3.947999954223632812e+00 7.046321392059326172e+00 2.989388084411621094e+01 4.234645462036132812e+01 3.988331604003906250e+01 3.204750823974609375e+01 2.012940979003906250e+01 3.204520416259765625e+01 3.015012741088867188e+01 2.158524513244628906e+01
4.032000064849853516e+00 7.161418914794921875e+00 2.989382362365722656e+01 4.239706039428710938e+01 3.988244247436523438e+01 3.208970260620117188e+01 2.013033866882324219e+01 3.208718490600585938e+01 3.015019226074218750e+01 2.161861419677734375e+01
4.116000175476074219e+00 7.275370121002197266e+00 2.989376831054687500e+01 4.244768142700195312e+01 3.988157272338867188e+01 3.213189697265625000e+01 2.013126373291015625e+01 3.212916183471679688e+01 3.015025711059570312e+01 2.165196990966796875e+01
4.199999809265136719e+00 7.388191223144531250e+00 2.989371109008789062e+01 4.249831008911132812e+01 3.988070297241210938e+01 3.217409133911132812e+01 2.013218688964843750e+01 3.217114257812500000e+01 3.015032196044921875e+01 2.168531608581542969e+01
