Length: 70.0
Width: 65.0
Thickness: 0.2
Parameters: [(u'sphylinder_projection', (5.0, 5.0, 0.0, 3.5, 5.5, 0.47452500000000003), u'Hard'), (u'sphylinder_projection', (15.0, 5.0, 90.0, 3.5, 5.5, 0.47452500000000003), u'Hard'), (u'sphylinder_projection', (15.0, 15.0, 0.0, 3.5, 5.5, 0.47452500000000003), u'Hard'), (u'sphylinder_projection', (5.0, 15.0, 90.0, 3.5, 5.5, 0.47452500000000003), u'Hard')]
Displacement Force P1-x P1-y P3-x P3-y P4-x P4-y P2-x P2-y
0.000000000000000000e+00 -0.000000000000000000e+00 2.991153526306152344e+01 2.001469039916992188e+01 3.001971054077148438e+01 4.000918960571289062e+01 2.000499725341796875e+01 2.988444900512695312e+01 3.999926757812500000e+01 2.986583709716796875e+01
8.399999886751174927e-02 2.082602083683013916e-01 2.991153526306152344e+01 2.004915428161621094e+01 3.001969337463378906e+01 4.005875015258789062e+01 2.000571823120117188e+01 2.992617416381835938e+01 3.999843215942382812e+01 2.990782165527343750e+01
1.679999977350234985e-01 4.139508903026580811e-01 2.991153526306152344e+01 2.008360671997070312e+01 3.001967430114746094e+01 4.010832214355468750e+01 2.000643730163574219e+01 2.996789932250976562e+01 3.999760055541992188e+01 2.994980430603027344e+01
2.520000040531158447e-01 6.171097755432128906e-01 2.991153526306152344e+01 2.011804771423339844e+01 3.001965713500976562e+01 4.015790557861328125e+01 2.000715255737304688e+01 3.000962257385253906e+01 3.999676895141601562e+01 2.999178695678710938e+01
3.359999954700469971e-01 8.177791833877563477e-01 2.991153526306152344e+01 2.015247535705566406e+01 3.001963996887207031e+01 4.020750427246093750e+01 2.000786590576171875e+01 3.005134773254394531e+01 3.999594116210937500e+01 3.003376960754394531e+01
4.199999868869781494e-01 1.015998840332031250e+00 2.991153526306152344e+01 2.018689155578613281e+01 3.001962280273437500e+01 4.025711059570312500e+01 2.000857734680175781e+01 3.009307098388671875e+01 3.999511718750000000e+01 3.007575225830078125e+01
5.040000081062316895e-01 1.211807608604431152e+00 2.991153526306152344e+01 2.022129821777343750e+01 3.001960563659667969e+01 4.030673217773437500e+01 2.000928688049316406e+01 3.013479423522949219e+01 3.999429321289062500e+01 3.011773300170898438e+01
5.879999995231628418e-01 1.405243635177612305e+00 2.991153526306152344e+01 2.025569152832031250e+01 3.001958847045898438e+01 4.035636520385742188e+01 2.000999259948730469e+01 3.017651748657226562e+01 3.999347305297851562e+01 3.015971183776855469e+01
6.719999909400939941e-01 1.596344351768493652e+00 2.991153335571289062e+01 2.029007339477539062e+01 3.001957321166992188e+01 4.040600967407226562e+01 2.001069641113281250e+01 3.021824073791503906e+01 3.999265289306640625e+01 3.020169067382812500e+01
7.559999823570251465e-01 1.785146236419677734e+00 2.991153335571289062e+01 2.032444381713867188e+01 3.001955604553222656e+01 4.045566558837890625e+01 2.001139831542968750e+01 3.025996398925781250e+01 3.999184036254882812e+01 3.024366950988769531e+01
8.399999737739562988e-01 1.971685290336608887e+00 2.991153335571289062e+01 2.035880279541015625e+01 3.001953887939453125e+01 4.050533294677734375e+01 2.001209831237792969e+01 3.030168533325195312e+01 3.999102401733398438e+01 3.028564643859863281e+01
9.240000247955322266e-01 2.155996799468994141e+00 2.991153335571289062e+01 2.039315223693847656e+01 3.001952362060546875e+01 4.055501556396484375e+01 2.001279449462890625e+01 3.034340667724609375e+01 3.999021530151367188e+01 3.032762336730957031e+01
1.008000016212463379e+00 2.338114976882934570e+00 2.991153335571289062e+01 2.042748832702636719e+01 3.001950645446777344e+01 4.060470581054687500e+01 2.001348876953125000e+01 3.038512992858886719e+01 3.998940658569335938e+01 3.036960029602050781e+01
1.092000007629394531e+00 2.518074035644531250e+00 2.991153335571289062e+01 2.046181297302246094e+01 3.001948928833007812e+01 4.065441131591796875e+01 2.001418113708496094e+01 3.042685127258300781e+01 3.998859786987304688e+01 3.041157531738281250e+01
1.175999999046325684e+00 2.695906877517700195e+00 2.991153335571289062e+01 2.049612617492675781e+01 3.001947402954101562e+01 4.070412445068359375e+01 2.001487159729003906e+01 3.046857261657714844e+01 3.998779678344726562e+01 3.045355033874511719e+01
1.259999990463256836e+00 2.871646165847778320e+00 2.991153144836425781e+01 2.053042793273925781e+01 3.001945877075195312e+01 4.075385284423828125e+01 2.001556015014648438e+01 3.051029396057128906e+01 3.998699569702148438e+01 3.049552345275878906e+01
1.343999981880187988e+00 3.045323610305786133e+00 2.991153144836425781e+01 2.056472015380859375e+01 3.001944160461425781e+01 4.080359268188476562e+01 2.001624488830566406e+01 3.055201530456542969e+01 3.998619461059570312e+01 3.053749465942382812e+01
1.427999973297119141e+00 3.216970682144165039e+00 2.991153144836425781e+01 2.059899902343750000e+01 3.001942634582519531e+01 4.085334014892578125e+01 2.001692962646484375e+01 3.059373474121093750e+01 3.998539733886718750e+01 3.057946777343750000e+01
1.511999964714050293e+00 3.386618137359619141e+00 2.991153144836425781e+01 2.063326835632324219e+01 3.001941108703613281e+01 4.090310287475585938e+01 2.001761054992675781e+01 3.063545608520507812e+01 3.998460388183593750e+01 3.062143707275390625e+01
1.595999956130981445e+00 3.554295778274536133e+00 2.991153144836425781e+01 2.066752624511718750e+01 3.001939582824707031e+01 4.095287704467773438e+01 2.001828956604003906e+01 3.067717742919921875e+01 3.998381042480468750e+01 3.066340827941894531e+01
1.679999947547912598e+00 3.720033407211303711e+00 2.991153144836425781e+01 2.070177268981933594e+01 3.001938056945800781e+01 4.100266265869140625e+01 2.001896667480468750e+01 3.071889686584472656e+01 3.998302078247070312e+01 3.070537567138671875e+01
1.764000058174133301e+00 3.883859634399414062e+00 2.991152954101562500e+01 2.073600769042968750e+01 3.001936531066894531e+01 4.105245971679687500e+01 2.001964187622070312e+01 3.076061820983886719e+01 3.998223114013671875e+01 3.074734497070312500e+01
1.848000049591064453e+00 4.045803546905517578e+00 2.991152954101562500e+01 2.077023124694824219e+01 3.001935005187988281e+01 4.110226440429687500e+01 2.002031517028808594e+01 3.080233955383300781e+01 3.998144531250000000e+01 3.078931045532226562e+01
1.932000041007995605e+00 4.205892086029052734e+00 2.991152954101562500e+01 2.080444335937500000e+01 3.001933479309082031e+01 4.115208435058593750e+01 2.002098464965820312e+01 3.084405899047851562e+01 3.998066329956054688e+01 3.083127784729003906e+01
2.016000032424926758e+00 4.364153861999511719e+00 2.991152954101562500e+01 2.083864593505859375e+01 3.001931953430175781e+01 4.120191574096679688e+01 2.002165412902832031e+01 3.088578033447265625e+01 3.997988128662109375e+01 3.087324142456054688e+01
2.099999904632568359e+00 4.520614147186279297e+00 2.991152954101562500e+01 2.087283706665039062e+01 3.001930427551269531e+01 4.125175857543945312e+01 2.002231979370117188e+01 3.092749977111816406e+01 3.997910308837890625e+01 3.091520690917968750e+01
2.184000015258789062e+00 4.675300598144531250e+00 2.991152763366699219e+01 2.090701675415039062e+01 3.001929092407226562e+01 4.130161285400390625e+01 2.002298545837402344e+01 3.096922111511230469e+01 3.997832489013671875e+01 3.095716857910156250e+01
2.267999887466430664e+00 4.828238964080810547e+00 2.991152763366699219e+01 2.094118499755859375e+01 3.001927566528320312e+01 4.135147476196289062e+01 2.002364730834960938e+01 3.101094055175781250e+01 3.997755050659179688e+01 3.099913215637207031e+01
2.351999998092651367e+00 4.979453563690185547e+00 2.991152763366699219e+01 2.097534370422363281e+01 3.001926231384277344e+01 4.140135192871093750e+01 2.002430915832519531e+01 3.105266189575195312e+01 3.997677612304687500e+01 3.104109191894531250e+01
2.436000108718872070e+00 5.128970623016357422e+00 2.991152763366699219e+01 2.100949096679687500e+01 3.001924705505371094e+01 4.145124053955078125e+01 2.002496719360351562e+01 3.109438133239746094e+01 3.997600555419921875e+01 3.108305168151855469e+01
2.519999980926513672e+00 5.276813507080078125e+00 2.991152572631835938e+01 2.104362678527832031e+01 3.001923370361328125e+01 4.150113677978515625e+01 2.002562522888183594e+01 3.113610267639160156e+01 3.997523498535156250e+01 3.112501144409179688e+01
2.604000091552734375e+00 5.423007011413574219e+00 2.991152572631835938e+01 2.107775306701660156e+01 3.001922035217285156e+01 4.155104827880859375e+01 2.002627944946289062e+01 3.117782402038574219e+01 3.997446823120117188e+01 3.116696929931640625e+01
2.687999963760375977e+00 5.567574501037597656e+00 2.991152572631835938e+01 2.111186790466308594e+01 3.001920509338378906e+01 4.160096740722656250e+01 2.002693367004394531e+01 3.121954345703125000e+01 3.997370529174804688e+01 3.120892524719238281e+01
2.772000074386596680e+00 5.710538864135742188e+00 2.991152381896972656e+01 2.114597129821777344e+01 3.001919174194335938e+01 4.165090179443359375e+01 2.002758407592773438e+01 3.126126480102539062e+01 3.997294235229492188e+01 3.125088119506835938e+01
2.855999946594238281e+00 5.851922988891601562e+00 2.991152381896972656e+01 2.118006324768066406e+01 3.001917839050292969e+01 4.170084381103515625e+01 2.002823257446289062e+01 3.130298614501953125e+01 3.997217941284179688e+01 3.129283714294433594e+01
2.940000057220458984e+00 5.991749286651611328e+00 2.991152381896972656e+01 2.121414566040039062e+01 3.001916503906250000e+01 4.175079727172851562e+01 2.002888107299804688e+01 3.134470558166503906e+01 3.997142028808593750e+01 3.133478927612304688e+01
3.023999929428100586e+00 6.130039215087890625e+00 2.991152191162109375e+01 2.124821662902832031e+01 3.001915168762207031e+01 4.180076217651367188e+01 2.002952766418457031e+01 3.138642692565917969e+01 3.997066497802734375e+01 3.137674331665039062e+01
3.108000040054321289e+00 6.266815185546875000e+00 2.991152191162109375e+01 2.128227806091308594e+01 3.001913833618164062e+01 4.185073852539062500e+01 2.003017044067382812e+01 3.142814826965332031e+01 3.996990966796875000e+01 3.141869354248046875e+01
3.191999912261962891e+00 6.402097702026367188e+00 2.991152191162109375e+01 2.131632804870605469e+01 3.001912498474121094e+01 4.190072631835937500e+01 2.003081321716308594e+01 3.146986961364746094e+01 3.996915435791015625e+01 3.146064376831054688e+01
3.276000022888183594e+00 6.535907268524169922e+00 2.991152000427246094e+01 2.135036659240722656e+01 3.001911354064941406e+01 4.195072555541992188e+01 2.003145408630371094e+01 3.151159095764160156e+01 3.996840286254882812e+01 3.150259399414062500e+01
3.359999895095825195e+00 6.668264865875244141e+00 2.991152000427246094e+01 2.138439559936523438e+01 3.001910018920898438e+01 4.200073623657226562e+01 2.003209114074707031e+01 3.155331230163574219e+01 3.996765518188476562e+01 3.154454040527343750e+01
3.444000005722045898e+00 6.799190521240234375e+00 2.991151809692382812e+01 2.141841506958007812e+01 3.001908683776855469e+01 4.205075454711914062e+01 2.003272819519042969e+01 3.159503364562988281e+01 3.996690750122070312e+01 3.158648872375488281e+01
3.528000116348266602e+00 6.928703784942626953e+00 2.991151809692382812e+01 2.145242118835449219e+01 3.001907539367675781e+01 4.210078811645507812e+01 2.003336524963378906e+01 3.163675689697265625e+01 3.996616363525390625e+01 3.162843322753906250e+01
3.611999988555908203e+00 7.056823730468750000e+00 2.991151809692382812e+01 2.148641777038574219e+01 3.001906204223632812e+01 4.215082931518554688e+01 2.003399848937988281e+01 3.167847824096679688e+01 3.996541976928710938e+01 3.167037773132324219e+01
3.696000099182128906e+00 7.183569431304931641e+00 2.991151618957519531e+01 2.152040481567382812e+01 3.001905059814453125e+01 4.220088195800781250e+01 2.003462982177734375e+01 3.172019958496093750e+01 3.996467590332031250e+01 3.171232223510742188e+01
3.779999971389770508e+00 7.308959960937500000e+00 2.991151428222656250e+01 2.155438041687011719e+01 3.001903915405273438e+01 4.225094604492187500e+01 2.003525924682617188e+01 3.176192283630371094e+01 3.996393585205078125e+01 3.175426483154296875e+01
3.864000082015991211e+00 7.433012962341308594e+00 2.991151428222656250e+01 2.158834457397460938e+01 3.001902770996093750e+01 4.230102157592773438e+01 2.003588867187500000e+01 3.180364608764648438e+01 3.996319961547851562e+01 3.179620552062988281e+01
3.947999954223632812e+00 7.555747509002685547e+00 2.991151237487792969e+01 2.162229919433593750e+01 3.001901626586914062e+01 4.235110855102539062e+01 2.003651618957519531e+01 3.184536743164062500e+01 3.996246337890625000e+01 3.183814430236816406e+01
4.032000064849853516e+00 7.677180290222167969e+00 2.991151237487792969e+01 2.165624427795410156e+01 3.001900482177734375e+01 4.240120697021484375e+01 2.003714179992675781e+01 3.188709068298339844e+01 3.996172714233398438e+01 3.188008308410644531e+01
4.116000175476074219e+00 7.797329425811767578e+00 2.991151046752929688e+01 2.169017791748046875e+01 3.001899337768554688e+01 4.245131301879882812e+01 2.003776550292968750e+01 3.192881393432617188e+01 3.996099472045898438e+01 3.192202186584472656e+01
4.199999809265136719e+00 7.916211128234863281e+00 2.991151046752929688e+01 2.172410011291503906e+01 3.001898193359375000e+01 4.250143051147460938e+01 2.003838729858398438e+01 3.197053718566894531e+01 3.996026611328125000e+01 3.196395683288574219e+01
