Length: 70.0
Width: 65.0
Thickness: 0.2
Parameters: [(u'sphylinder_projection', (5.0, 5.0, 0.0, 3.5, 5.5, 0.024975000000000001), u'Hard'), (u'sphylinder_projection', (15.0, 5.0, 90.0, 3.5, 5.5, 0.024975000000000001), u'Hard'), (u'sphylinder_projection', (15.0, 15.0, 0.0, 3.5, 5.5, 0.024975000000000001), u'Hard'), (u'sphylinder_projection', (5.0, 15.0, 90.0, 3.5, 5.5, 0.024975000000000001), u'Hard')]
Displacement Force P3-x P3-y P4-x P4-y P1-x P1-y P2-x P2-y
0.000000000000000000e+00 -0.000000000000000000e+00 2.999878692626953125e+01 4.010507202148437500e+01 1.991412925720214844e+01 3.001510620117187500e+01 2.989300537109375000e+01 1.999167633056640625e+01 4.001818847656250000e+01 2.992316436767578125e+01
8.399999886751174927e-02 1.923861801624298096e-01 2.999880981445312500e+01 4.015518188476562500e+01 1.991507720947265625e+01 3.005699539184570312e+01 2.989297676086425781e+01 2.002566337585449219e+01 4.001718521118164062e+01 2.996520614624023438e+01
1.679999977350234985e-01 3.825107812881469727e-01 2.999883079528808594e+01 4.020531082153320312e+01 1.991602325439453125e+01 3.009888458251953125e+01 2.989295005798339844e+01 2.005963516235351562e+01 4.001618576049804688e+01 3.000724792480468750e+01
2.520000040531158447e-01 5.704056620597839355e-01 2.999885368347167969e+01 4.025545120239257812e+01 1.991696739196777344e+01 3.014077568054199219e+01 2.989292144775390625e+01 2.009359550476074219e+01 4.001519012451171875e+01 3.004928779602050781e+01
3.359999954700469971e-01 7.561074495315551758e-01 2.999887657165527344e+01 4.030560302734375000e+01 1.991790771484375000e+01 3.018266487121582031e+01 2.989289283752441406e+01 2.012754058837890625e+01 4.001419830322265625e+01 3.009132957458496094e+01
4.199999868869781494e-01 9.396503567695617676e-01 2.999889945983886719e+01 4.035577392578125000e+01 1.991884613037109375e+01 3.022455596923828125e+01 2.989286613464355469e+01 2.016147232055664062e+01 4.001320648193359375e+01 3.013336944580078125e+01
5.040000081062316895e-01 1.121067881584167480e+00 2.999892044067382812e+01 4.040595626831054688e+01 1.991978073120117188e+01 3.026644706726074219e+01 2.989283752441406250e+01 2.019538879394531250e+01 4.001221847534179688e+01 3.017540740966796875e+01
5.879999995231628418e-01 1.300392866134643555e+00 2.999894332885742188e+01 4.045615768432617188e+01 1.992071342468261719e+01 3.030834007263183594e+01 2.989281082153320312e+01 2.022929382324218750e+01 4.001123428344726562e+01 3.021744728088378906e+01
6.719999909400939941e-01 1.477657437324523926e+00 2.999896621704101562e+01 4.050636672973632812e+01 1.992164421081542969e+01 3.035023117065429688e+01 2.989278411865234375e+01 2.026318359375000000e+01 4.001025009155273438e+01 3.025948524475097656e+01
7.559999823570251465e-01 1.652893066406250000e+00 2.999898910522460938e+01 4.055659484863281250e+01 1.992257118225097656e+01 3.039212417602539062e+01 2.989275741577148438e+01 2.029706192016601562e+01 4.000926971435546875e+01 3.030152320861816406e+01
8.399999737739562988e-01 1.826130867004394531e+00 2.999901199340820312e+01 4.060683441162109375e+01 1.992349815368652344e+01 3.043401718139648438e+01 2.989272880554199219e+01 2.033092498779296875e+01 4.000829315185546875e+01 3.034355926513671875e+01
9.240000247955322266e-01 1.997400999069213867e+00 2.999903488159179688e+01 4.065708923339843750e+01 1.992441940307617188e+01 3.047591209411621094e+01 2.989270210266113281e+01 2.036477661132812500e+01 4.000731658935546875e+01 3.038559532165527344e+01
1.008000016212463379e+00 2.166733264923095703e+00 2.999905776977539062e+01 4.070735931396484375e+01 1.992534065246582031e+01 3.051780700683593750e+01 2.989267539978027344e+01 2.039861297607421875e+01 4.000634384155273438e+01 3.042763137817382812e+01
1.092000007629394531e+00 2.334156990051269531e+00 2.999907875061035156e+01 4.075764083862304688e+01 1.992625808715820312e+01 3.055970191955566406e+01 2.989264869689941406e+01 2.043243789672851562e+01 4.000537490844726562e+01 3.046966552734375000e+01
1.175999999046325684e+00 2.499700307846069336e+00 2.999910163879394531e+01 4.080793762207031250e+01 1.992717361450195312e+01 3.060159683227539062e+01 2.989262199401855469e+01 2.046624755859375000e+01 4.000440597534179688e+01 3.051170158386230469e+01
1.259999990463256836e+00 2.663391828536987305e+00 2.999912452697753906e+01 4.085824966430664062e+01 1.992808723449707031e+01 3.064349365234375000e+01 2.989259719848632812e+01 2.050004577636718750e+01 4.000344085693359375e+01 3.055373382568359375e+01
1.343999981880187988e+00 2.825258970260620117e+00 2.999914932250976562e+01 4.090857315063476562e+01 1.992899703979492188e+01 3.068539047241210938e+01 2.989257049560546875e+01 2.053383064270019531e+01 4.000247955322265625e+01 3.059576797485351562e+01
1.427999973297119141e+00 2.985328435897827148e+00 2.999917221069335938e+01 4.095890808105468750e+01 1.992990684509277344e+01 3.072728729248046875e+01 2.989254379272460938e+01 2.056760406494140625e+01 4.000151824951171875e+01 3.063780021667480469e+01
1.511999964714050293e+00 3.143626928329467773e+00 2.999919509887695312e+01 4.100926208496093750e+01 1.993081092834472656e+01 3.076918601989746094e+01 2.989251708984375000e+01 2.060136222839355469e+01 4.000056076049804688e+01 3.067983055114746094e+01
1.595999956130981445e+00 3.300180196762084961e+00 2.999921798706054688e+01 4.105962371826171875e+01 1.993171501159667969e+01 3.081108474731445312e+01 2.989249229431152344e+01 2.063510894775390625e+01 3.999960708618164062e+01 3.072186279296875000e+01
1.679999947547912598e+00 3.455014228820800781e+00 2.999924087524414062e+01 4.111000442504882812e+01 1.993261718750000000e+01 3.085298347473144531e+01 2.989246559143066406e+01 2.066884422302246094e+01 3.999865341186523438e+01 3.076389312744140625e+01
1.764000058174133301e+00 3.608153581619262695e+00 2.999926376342773438e+01 4.116039276123046875e+01 1.993351554870605469e+01 3.089488410949707031e+01 2.989244079589843750e+01 2.070256423950195312e+01 3.999770355224609375e+01 3.080592155456542969e+01
1.848000049591064453e+00 3.759623050689697266e+00 2.999928665161132812e+01 4.121080017089843750e+01 1.993441200256347656e+01 3.093678474426269531e+01 2.989241409301757812e+01 2.073627281188964844e+01 3.999675750732421875e+01 3.084795188903808594e+01
1.932000041007995605e+00 3.909446716308593750e+00 2.999931144714355469e+01 4.126121520996093750e+01 1.993530464172363281e+01 3.097868728637695312e+01 2.989238929748535156e+01 2.076996994018554688e+01 3.999581146240234375e+01 3.088997840881347656e+01
2.016000032424926758e+00 4.057648181915283203e+00 2.999933433532714844e+01 4.131164932250976562e+01 1.993619728088378906e+01 3.102058982849121094e+01 2.989236259460449219e+01 2.080365180969238281e+01 3.999486923217773438e+01 3.093200683593750000e+01
2.099999904632568359e+00 4.204250335693359375e+00 2.999935722351074219e+01 4.136209106445312500e+01 1.993708610534667969e+01 3.106249237060546875e+01 2.989233779907226562e+01 2.083732414245605469e+01 3.999393081665039062e+01 3.097403335571289062e+01
2.184000015258789062e+00 4.349277019500732422e+00 2.999938201904296875e+01 4.141254806518554688e+01 1.993797302246093750e+01 3.110439491271972656e+01 2.989231300354003906e+01 2.087098312377929688e+01 3.999299240112304688e+01 3.101605796813964844e+01
2.267999887466430664e+00 4.492749214172363281e+00 2.999940490722656250e+01 4.146302032470703125e+01 1.993885803222656250e+01 3.114629936218261719e+01 2.989228820800781250e+01 2.090462875366210938e+01 3.999205780029296875e+01 3.105808258056640625e+01
2.351999998092651367e+00 4.634689807891845703e+00 2.999942970275878906e+01 4.151350021362304688e+01 1.993974113464355469e+01 3.118820571899414062e+01 2.989226150512695312e+01 2.093826293945312500e+01 3.999112319946289062e+01 3.110010719299316406e+01
2.436000108718872070e+00 4.775119781494140625e+00 2.999945259094238281e+01 4.156399917602539062e+01 1.994062232971191406e+01 3.123011207580566406e+01 2.989223670959472656e+01 2.097188568115234375e+01 3.999019622802734375e+01 3.114213180541992188e+01
2.519999980926513672e+00 4.914061069488525391e+00 2.999947738647460938e+01 4.161450576782226562e+01 1.994149971008300781e+01 3.127201843261718750e+01 2.989221191406250000e+01 2.100549507141113281e+01 3.998926544189453125e+01 3.118415260314941406e+01
2.604000091552734375e+00 5.051533699035644531e+00 2.999950027465820312e+01 4.166502761840820312e+01 1.994237518310546875e+01 3.131392478942871094e+01 2.989218711853027344e+01 2.103909301757812500e+01 3.998834228515625000e+01 3.122617530822753906e+01
2.687999963760375977e+00 5.187558650970458984e+00 2.999952507019042969e+01 4.171556472778320312e+01 1.994324874877929688e+01 3.135583305358886719e+01 2.989216232299804688e+01 2.107267951965332031e+01 3.998741912841796875e+01 3.126819610595703125e+01
2.772000074386596680e+00 5.322155475616455078e+00 2.999954986572265625e+01 4.176610946655273438e+01 1.994412040710449219e+01 3.139774322509765625e+01 2.989213752746582031e+01 2.110625267028808594e+01 3.998649597167968750e+01 3.131021690368652344e+01
2.855999946594238281e+00 5.455344200134277344e+00 2.999957275390625000e+01 4.181666946411132812e+01 1.994499015808105469e+01 3.143965339660644531e+01 2.989211273193359375e+01 2.113981437683105469e+01 3.998557662963867188e+01 3.135223579406738281e+01
2.940000057220458984e+00 5.587144374847412109e+00 2.999959754943847656e+01 4.186724090576171875e+01 1.994585609436035156e+01 3.148156356811523438e+01 2.989208984375000000e+01 2.117336463928222656e+01 3.998466110229492188e+01 3.139425468444824219e+01
3.023999929428100586e+00 5.717574119567871094e+00 2.999962234497070312e+01 4.191782760620117188e+01 1.994672203063964844e+01 3.152347564697265625e+01 2.989206504821777344e+01 2.120690345764160156e+01 3.998374938964843750e+01 3.143627166748046875e+01
3.108000040054321289e+00 5.846652984619140625e+00 2.999964714050292969e+01 4.196842193603515625e+01 1.994758415222167969e+01 3.156538772583007812e+01 2.989204025268554688e+01 2.124042892456054688e+01 3.998283767700195312e+01 3.147828865051269531e+01
3.191999912261962891e+00 5.974399089813232422e+00 2.999967193603515625e+01 4.201903152465820312e+01 1.994844436645507812e+01 3.160729980468750000e+01 2.989201545715332031e+01 2.127394485473632812e+01 3.998192596435546875e+01 3.152030372619628906e+01
3.276000022888183594e+00 6.100830078125000000e+00 2.999969673156738281e+01 4.206965637207031250e+01 1.994930267333984375e+01 3.164921379089355469e+01 2.989199066162109375e+01 2.130744743347167969e+01 3.998102188110351562e+01 3.156231880187988281e+01
3.359999895095825195e+00 6.225964069366455078e+00 2.999972152709960938e+01 4.212028884887695312e+01 1.995015907287597656e+01 3.169112968444824219e+01 2.989196777343750000e+01 2.134093856811523438e+01 3.998011398315429688e+01 3.160433387756347656e+01
3.444000005722045898e+00 6.349818229675292969e+00 2.999974632263183594e+01 4.217093658447265625e+01 1.995101356506347656e+01 3.173304557800292969e+01 2.989194297790527344e+01 2.137441825866699219e+01 3.997921371459960938e+01 3.164634704589843750e+01
3.528000116348266602e+00 6.472409725189208984e+00 2.999977111816406250e+01 4.222159576416015625e+01 1.995186614990234375e+01 3.177496147155761719e+01 2.989191818237304688e+01 2.140788650512695312e+01 3.997831344604492188e+01 3.168835830688476562e+01
3.611999988555908203e+00 6.593754768371582031e+00 2.999979591369628906e+01 4.227226638793945312e+01 1.995271682739257812e+01 3.181687927246093750e+01 2.989189529418945312e+01 2.144134330749511719e+01 3.997741317749023438e+01 3.173036956787109375e+01
3.696000099182128906e+00 6.713871002197265625e+00 2.999982070922851562e+01 4.232294845581054688e+01 1.995356369018554688e+01 3.185879707336425781e+01 2.989187049865722656e+01 2.147478866577148438e+01 3.997652053833007812e+01 3.177238082885742188e+01
3.779999971389770508e+00 6.832773685455322266e+00 2.999984741210937500e+01 4.237364578247070312e+01 1.995441055297851562e+01 3.190071678161621094e+01 2.989184761047363281e+01 2.150822257995605469e+01 3.997562408447265625e+01 3.181439018249511719e+01
3.864000082015991211e+00 6.950479507446289062e+00 2.999987220764160156e+01 4.242435073852539062e+01 1.995525360107421875e+01 3.194263648986816406e+01 2.989182281494140625e+01 2.154164505004882812e+01 3.997473526000976562e+01 3.185639953613281250e+01
3.947999954223632812e+00 7.067003250122070312e+00 2.999989700317382812e+01 4.247507095336914062e+01 1.995609474182128906e+01 3.198455810546875000e+01 2.989179992675781250e+01 2.157505798339843750e+01 3.997384643554687500e+01 3.189840698242187500e+01
4.032000064849853516e+00 7.182361125946044922e+00 2.999992370605468750e+01 4.252580261230468750e+01 1.995693588256835938e+01 3.202647781372070312e+01 2.989177513122558594e+01 2.160845756530761719e+01 3.997295761108398438e+01 3.194041252136230469e+01
4.116000175476074219e+00 7.296567916870117188e+00 2.999994850158691406e+01 4.257654571533203125e+01 1.995777320861816406e+01 3.206840133666992188e+01 2.989175224304199219e+01 2.164184570312500000e+01 3.997207260131835938e+01 3.198241996765136719e+01
4.199999809265136719e+00 7.409637928009033203e+00 2.999997520446777344e+01 4.262730026245117188e+01 1.995860862731933594e+01 3.211032485961914062e+01 2.989172744750976562e+01 2.167522430419921875e+01 3.997119140625000000e+01 3.202442550659179688e+01
