Length: 70.0
Width: 65.0
Thickness: 0.2
Parameters: [(u'sphylinder_projection', (5.0, 5.0, 0.0, 3.5, 5.5, 0.74924999999999997), u'Hard'), (u'sphylinder_projection', (15.0, 5.0, 90.0, 3.5, 5.5, 0.74924999999999997), u'Hard'), (u'sphylinder_projection', (15.0, 15.0, 0.0, 3.5, 5.5, 0.74924999999999997), u'Hard'), (u'sphylinder_projection', (5.0, 15.0, 90.0, 3.5, 5.5, 0.74924999999999997), u'Hard')]
Displacement Force P2-x P2-y P1-x P1-y P3-x P3-y P4-x P4-y
0.000000000000000000e+00 -0.000000000000000000e+00 4.001490402221679688e+01 3.002229309082031250e+01 3.009246635437011719e+01 1.998224258422851562e+01 3.000927734375000000e+01 3.984229278564453125e+01 1.997886466979980469e+01 2.995172882080078125e+01
8.399999886751174927e-02 2.253811061382293701e-01 4.001433944702148438e+01 3.006448364257812500e+01 3.009253883361816406e+01 2.001713180541992188e+01 3.000914764404296875e+01 3.989117813110351562e+01 1.997941398620605469e+01 2.999350547790527344e+01
1.679999977350234985e-01 4.478453993797302246e-01 4.001377487182617188e+01 3.010667228698730469e+01 3.009261131286621094e+01 2.005201148986816406e+01 3.000901603698730469e+01 3.994007492065429688e+01 1.997996139526367188e+01 3.003528213500976562e+01
2.520000040531158447e-01 6.674377322196960449e-01 4.001321029663085938e+01 3.014886093139648438e+01 3.009268188476562500e+01 2.008688163757324219e+01 3.000888633728027344e+01 3.998897933959960938e+01 1.998050498962402344e+01 3.007705879211425781e+01
3.359999954700469971e-01 8.842069506645202637e-01 4.001265335083007812e+01 3.019105148315429688e+01 3.009275436401367188e+01 2.012174224853515625e+01 3.000875663757324219e+01 4.003789138793945312e+01 1.998104858398437500e+01 3.011883735656738281e+01
4.199999868869781494e-01 1.098199248313903809e+00 4.001209259033203125e+01 3.023324012756347656e+01 3.009282493591308594e+01 2.015659141540527344e+01 3.000862884521484375e+01 4.008681488037109375e+01 1.998158836364746094e+01 3.016061401367187500e+01
5.040000081062316895e-01 1.309460043907165527e+00 4.001153945922851562e+01 3.027542877197265625e+01 3.009289550781250000e+01 2.019143104553222656e+01 3.000849914550781250e+01 4.013574600219726562e+01 1.998212623596191406e+01 3.020239067077636719e+01
5.879999995231628418e-01 1.518033623695373535e+00 4.001098632812500000e+01 3.031761932373046875e+01 3.009296417236328125e+01 2.022626113891601562e+01 3.000837135314941406e+01 4.018468856811523438e+01 1.998266220092773438e+01 3.024416732788085938e+01
6.719999909400939941e-01 1.723963379859924316e+00 4.001043319702148438e+01 3.035980796813964844e+01 3.009303283691406250e+01 2.026107978820800781e+01 3.000824356079101562e+01 4.023363494873046875e+01 1.998319625854492188e+01 3.028594589233398438e+01
7.559999823570251465e-01 1.927292108535766602e+00 4.000988769531250000e+01 3.040199661254882812e+01 3.009310150146484375e+01 2.029589080810546875e+01 3.000811767578125000e+01 4.028259277343750000e+01 1.998372840881347656e+01 3.032772254943847656e+01
8.399999737739562988e-01 2.128061294555664062e+00 4.000933837890625000e+01 3.044418334960937500e+01 3.009317016601562500e+01 2.033069038391113281e+01 3.000798988342285156e+01 4.033156204223632812e+01 1.998425865173339844e+01 3.036950111389160156e+01
9.240000247955322266e-01 2.326312065124511719e+00 4.000879287719726562e+01 3.048637199401855469e+01 3.009323883056640625e+01 2.036547851562500000e+01 3.000786399841308594e+01 4.038053894042968750e+01 1.998478698730468750e+01 3.041127777099609375e+01
1.008000016212463379e+00 2.522084474563598633e+00 4.000825119018554688e+01 3.052856063842773438e+01 3.009330558776855469e+01 2.040025901794433594e+01 3.000773620605468750e+01 4.042952346801757812e+01 1.998531150817871094e+01 3.045305633544921875e+01
1.092000007629394531e+00 2.715417623519897461e+00 4.000770950317382812e+01 3.057074737548828125e+01 3.009337234497070312e+01 2.043502807617187500e+01 3.000761032104492188e+01 4.047851562500000000e+01 1.998583602905273438e+01 3.049483489990234375e+01
1.175999999046325684e+00 2.906349897384643555e+00 4.000717163085937500e+01 3.061293411254882812e+01 3.009343910217285156e+01 2.046978759765625000e+01 3.000748634338378906e+01 4.052751922607421875e+01 1.998635673522949219e+01 3.053661346435546875e+01
1.259999990463256836e+00 3.094919443130493164e+00 4.000663375854492188e+01 3.065512084960937500e+01 3.009350395202636719e+01 2.050453758239746094e+01 3.000736045837402344e+01 4.057653045654296875e+01 1.998687744140625000e+01 3.057839202880859375e+01
1.343999981880187988e+00 3.281163215637207031e+00 4.000609970092773438e+01 3.069730758666992188e+01 3.009357070922851562e+01 2.053927803039550781e+01 3.000723648071289062e+01 4.062554931640625000e+01 1.998739624023437500e+01 3.062017059326171875e+01
1.427999973297119141e+00 3.465116977691650391e+00 4.000556945800781250e+01 3.073949432373046875e+01 3.009363555908203125e+01 2.057400703430175781e+01 3.000711059570312500e+01 4.067457962036132812e+01 1.998791122436523438e+01 3.066194915771484375e+01
1.511999964714050293e+00 3.646816968917846680e+00 4.000503540039062500e+01 3.078167915344238281e+01 3.009370040893554688e+01 2.060872840881347656e+01 3.000698661804199219e+01 4.072361755371093750e+01 1.998842620849609375e+01 3.070372962951660156e+01
1.595999956130981445e+00 3.826297521591186523e+00 4.000450897216796875e+01 3.082386398315429688e+01 3.009376525878906250e+01 2.064343833923339844e+01 3.000686454772949219e+01 4.077266693115234375e+01 1.998893737792968750e+01 3.074551010131835938e+01
1.679999947547912598e+00 4.003593444824218750e+00 4.000397872924804688e+01 3.086604881286621094e+01 3.009382820129394531e+01 2.067813682556152344e+01 3.000674057006835938e+01 4.082172012329101562e+01 1.998944854736328125e+01 3.078729057312011719e+01
1.764000058174133301e+00 4.178737640380859375e+00 4.000345611572265625e+01 3.090823364257812500e+01 3.009389114379882812e+01 2.071282768249511719e+01 3.000661849975585938e+01 4.087078475952148438e+01 1.998995780944824219e+01 3.082907104492187500e+01
1.848000049591064453e+00 4.351762771606445312e+00 4.000292968750000000e+01 3.095041847229003906e+01 3.009395408630371094e+01 2.074750709533691406e+01 3.000649452209472656e+01 4.091986083984375000e+01 1.999046516418457031e+01 3.087085151672363281e+01
1.932000041007995605e+00 4.522702217102050781e+00 4.000240707397460938e+01 3.099260139465332031e+01 3.009401702880859375e+01 2.078217697143554688e+01 3.000637245178222656e+01 4.096894073486328125e+01 1.999097061157226562e+01 3.091263198852539062e+01
2.016000032424926758e+00 4.691586971282958984e+00 4.000188827514648438e+01 3.103478431701660156e+01 3.009407997131347656e+01 2.081683731079101562e+01 3.000625228881835938e+01 4.101803207397460938e+01 1.999147415161132812e+01 3.095441436767578125e+01
2.099999904632568359e+00 4.858447551727294922e+00 4.000136947631835938e+01 3.107696723937988281e+01 3.009414100646972656e+01 2.085148811340332031e+01 3.000613021850585938e+01 4.106713485717773438e+01 1.999197578430175781e+01 3.099619674682617188e+01
2.184000015258789062e+00 5.023315429687500000e+00 4.000085449218750000e+01 3.111914825439453125e+01 3.009420204162597656e+01 2.088612937927246094e+01 3.000601005554199219e+01 4.111624145507812500e+01 1.999247550964355469e+01 3.103797912597656250e+01
2.267999887466430664e+00 5.186220169067382812e+00 4.000033569335937500e+01 3.116132926940917969e+01 3.009426307678222656e+01 2.092075920104980469e+01 3.000588798522949219e+01 4.116535949707031250e+01 1.999297523498535156e+01 3.107976341247558594e+01
2.351999998092651367e+00 5.347190380096435547e+00 3.999982452392578125e+01 3.120351028442382812e+01 3.009432411193847656e+01 2.095537948608398438e+01 3.000576782226562500e+01 4.121448898315429688e+01 1.999347114562988281e+01 3.112154769897460938e+01
2.436000108718872070e+00 5.506255626678466797e+00 3.999931335449218750e+01 3.124569129943847656e+01 3.009438323974609375e+01 2.098999023437500000e+01 3.000564956665039062e+01 4.126362228393554688e+01 1.999396705627441406e+01 3.116333198547363281e+01
2.519999980926513672e+00 5.663444042205810547e+00 3.999880218505859375e+01 3.128787040710449219e+01 3.009444236755371094e+01 2.102459144592285156e+01 3.000552940368652344e+01 4.131276702880859375e+01 1.999446105957031250e+01 3.120511627197265625e+01
2.604000091552734375e+00 5.818783283233642578e+00 3.999829483032226562e+01 3.133004951477050781e+01 3.009450149536132812e+01 2.105918121337890625e+01 3.000540924072265625e+01 4.136192321777343750e+01 1.999495315551757812e+01 3.124690055847167969e+01
2.687999963760375977e+00 5.972300052642822266e+00 3.999778747558593750e+01 3.137222862243652344e+01 3.009456062316894531e+01 2.109376144409179688e+01 3.000529098510742188e+01 4.141108322143554688e+01 1.999544334411621094e+01 3.128868675231933594e+01
2.772000074386596680e+00 6.124022006988525391e+00 3.999728012084960938e+01 3.141440582275390625e+01 3.009461975097656250e+01 2.112833213806152344e+01 3.000517272949218750e+01 4.146025466918945312e+01 1.999593353271484375e+01 3.133047294616699219e+01
2.855999946594238281e+00 6.273974418640136719e+00 3.999677658081054688e+01 3.145658302307128906e+01 3.009467697143554688e+01 2.116289329528808594e+01 3.000505447387695312e+01 4.150943756103515625e+01 1.999642181396484375e+01 3.137226104736328125e+01
2.940000057220458984e+00 6.422183036804199219e+00 3.999627304077148438e+01 3.149875831604003906e+01 3.009473419189453125e+01 2.119744491577148438e+01 3.000493812561035156e+01 4.155862426757812500e+01 1.999690818786621094e+01 3.141404724121093750e+01
3.023999929428100586e+00 6.568674087524414062e+00 3.999577331542968750e+01 3.154093551635742188e+01 3.009479141235351562e+01 2.123198509216308594e+01 3.000481986999511719e+01 4.160782241821289062e+01 1.999739265441894531e+01 3.145583724975585938e+01
3.108000040054321289e+00 6.713471412658691406e+00 3.999527359008789062e+01 3.158311080932617188e+01 3.009484863281250000e+01 2.126651573181152344e+01 3.000470352172851562e+01 4.165703201293945312e+01 1.999787521362304688e+01 3.149762535095214844e+01
3.191999912261962891e+00 6.856599807739257812e+00 3.999477386474609375e+01 3.162528419494628906e+01 3.009490394592285156e+01 2.130103683471679688e+01 3.000458717346191406e+01 4.170624542236328125e+01 1.999835777282714844e+01 3.153941535949707031e+01
3.276000022888183594e+00 6.998083114624023438e+00 3.999427795410156250e+01 3.166745758056640625e+01 3.009496116638183594e+01 2.133554840087890625e+01 3.000447082519531250e+01 4.175547027587890625e+01 1.999883842468261719e+01 3.158120536804199219e+01
3.359999895095825195e+00 7.137944698333740234e+00 3.999378204345703125e+01 3.170963096618652344e+01 3.009501647949218750e+01 2.137004852294921875e+01 3.000435638427734375e+01 4.180470657348632812e+01 1.999931716918945312e+01 3.162299537658691406e+01
3.444000005722045898e+00 7.276207447052001953e+00 3.999328613281250000e+01 3.175180435180664062e+01 3.009507179260253906e+01 2.140453910827636719e+01 3.000424003601074219e+01 4.185394668579101562e+01 1.999979591369628906e+01 3.166478729248046875e+01
3.528000116348266602e+00 7.412894248962402344e+00 3.999279403686523438e+01 3.179397583007812500e+01 3.009512519836425781e+01 2.143902015686035156e+01 3.000412559509277344e+01 4.190320205688476562e+01 2.000027275085449219e+01 3.170657920837402344e+01
3.611999988555908203e+00 7.548027515411376953e+00 3.999230194091796875e+01 3.183614540100097656e+01 3.009518051147460938e+01 2.147349166870117188e+01 3.000401115417480469e+01 4.195246124267578125e+01 2.000074768066406250e+01 3.174837112426757812e+01
3.696000099182128906e+00 7.681628704071044922e+00 3.999181365966796875e+01 3.187831687927246094e+01 3.009523391723632812e+01 2.150795364379882812e+01 3.000389862060546875e+01 4.200173187255859375e+01 2.000122261047363281e+01 3.179016494750976562e+01
3.779999971389770508e+00 7.813719272613525391e+00 3.999132537841796875e+01 3.192048454284667969e+01 3.009528732299804688e+01 2.154240417480468750e+01 3.000378417968750000e+01 4.205101013183593750e+01 2.000169563293457031e+01 3.183195877075195312e+01
3.864000082015991211e+00 7.944320678710937500e+00 3.999083709716796875e+01 3.196265411376953125e+01 3.009533882141113281e+01 2.157684516906738281e+01 3.000367164611816406e+01 4.210029602050781250e+01 2.000216674804687500e+01 3.187375259399414062e+01
3.947999954223632812e+00 8.073453903198242188e+00 3.999035263061523438e+01 3.200482177734375000e+01 3.009539222717285156e+01 2.161127471923828125e+01 3.000355911254882812e+01 4.214959335327148438e+01 2.000263786315917969e+01 3.191554832458496094e+01
4.032000064849853516e+00 8.201137542724609375e+00 3.998986434936523438e+01 3.204698944091796875e+01 3.009544372558593750e+01 2.164569664001464844e+01 3.000344657897949219e+01 4.219889831542968750e+01 2.000310707092285156e+01 3.195734596252441406e+01
4.116000175476074219e+00 8.327393531799316406e+00 3.998938369750976562e+01 3.208915328979492188e+01 3.009549522399902344e+01 2.168010711669921875e+01 3.000333404541015625e+01 4.224821472167968750e+01 2.000357437133789062e+01 3.199914169311523438e+01
4.199999809265136719e+00 8.452240943908691406e+00 3.998889923095703125e+01 3.213132095336914062e+01 3.009554672241210938e+01 2.171450805664062500e+01 3.000322341918945312e+01 4.229753875732421875e+01 2.000404167175292969e+01 3.204093933105468750e+01
