Length: 70.0
Width: 65.0
Thickness: 0.2
Parameters: [(u'sphylinder_projection', (5.0, 5.0, 0.0, 3.5, 5.5, 0.44955000000000001), u'Hard'), (u'sphylinder_projection', (15.0, 5.0, 90.0, 3.5, 5.5, 0.44955000000000001), u'Hard'), (u'sphylinder_projection', (15.0, 15.0, 0.0, 3.5, 5.5, 0.44955000000000001), u'Hard'), (u'sphylinder_projection', (5.0, 15.0, 90.0, 3.5, 5.5, 0.44955000000000001), u'Hard')]
Displacement Force P3-x P3-y P4-x P4-y P1-x P1-y P2-x P2-y
0.000000000000000000e+00 -0.000000000000000000e+00 3.003433609008789062e+01 3.987377929687500000e+01 2.000271606445312500e+01 2.998542022705078125e+01 2.991076850891113281e+01 1.993232727050781250e+01 4.007567977905273438e+01 2.997229385375976562e+01
8.399999886751174927e-02 2.071060985326766968e-01 3.003426361083984375e+01 3.992321395874023438e+01 2.000349807739257812e+01 3.002726364135742188e+01 2.991073036193847656e+01 1.996666336059570312e+01 4.007491302490234375e+01 3.001440238952636719e+01
1.679999977350234985e-01 4.116654694080352783e-01 3.003418922424316406e+01 3.997266006469726562e+01 2.000427627563476562e+01 3.006910705566406250e+01 2.991069030761718750e+01 2.000098800659179688e+01 4.007415008544921875e+01 3.005651092529296875e+01
2.520000040531158447e-01 6.137154102325439453e-01 3.003411674499511719e+01 4.002212142944335938e+01 2.000505256652832031e+01 3.011095046997070312e+01 2.991065216064453125e+01 2.003529930114746094e+01 4.007338714599609375e+01 3.009861946105957031e+01
3.359999954700469971e-01 8.132978081703186035e-01 3.003404426574707031e+01 4.007159042358398438e+01 2.000582504272460938e+01 3.015279388427734375e+01 2.991061210632324219e+01 2.006959724426269531e+01 4.007262802124023438e+01 3.014072799682617188e+01
4.199999868869781494e-01 1.010451912879943848e+00 3.003397178649902344e+01 4.012107086181640625e+01 2.000659561157226562e+01 3.019463729858398438e+01 2.991057395935058594e+01 2.010388565063476562e+01 4.007187271118164062e+01 3.018283462524414062e+01
5.040000081062316895e-01 1.205216407775878906e+00 3.003389739990234375e+01 4.017056655883789062e+01 2.000736427307128906e+01 3.023648071289062500e+01 2.991053390502929688e+01 2.013816070556640625e+01 4.007111740112304688e+01 3.022494125366210938e+01
5.879999995231628418e-01 1.397628664970397949e+00 3.003382492065429688e+01 4.022006988525390625e+01 2.000813102722167969e+01 3.027832412719726562e+01 2.991049575805664062e+01 2.017242431640625000e+01 4.007036590576171875e+01 3.026704788208007812e+01
6.719999909400939941e-01 1.587725996971130371e+00 3.003375244140625000e+01 4.026958847045898438e+01 2.000889396667480469e+01 3.032016944885253906e+01 2.991045570373535156e+01 2.020667457580566406e+01 4.006961441040039062e+01 3.030915260314941406e+01
7.559999823570251465e-01 1.775544524192810059e+00 3.003368186950683594e+01 4.031911468505859375e+01 2.000965690612792969e+01 3.036201286315917969e+01 2.991041755676269531e+01 2.024091339111328125e+01 4.006886672973632812e+01 3.035125923156738281e+01
8.399999737739562988e-01 1.961119651794433594e+00 3.003360939025878906e+01 4.036865615844726562e+01 2.001041603088378906e+01 3.040385627746582031e+01 2.991037750244140625e+01 2.027514076232910156e+01 4.006811904907226562e+01 3.039336204528808594e+01
9.240000247955322266e-01 2.144486427307128906e+00 3.003353691101074219e+01 4.041820526123046875e+01 2.001117134094238281e+01 3.044570159912109375e+01 2.991033935546875000e+01 2.030935668945312500e+01 4.006737899780273438e+01 3.043546676635742188e+01
1.008000016212463379e+00 2.325678825378417969e+00 3.003346443176269531e+01 4.046776962280273438e+01 2.001192665100097656e+01 3.048754692077636719e+01 2.991029930114746094e+01 2.034355926513671875e+01 4.006663513183593750e+01 3.047756958007812500e+01
1.092000007629394531e+00 2.504730463027954102e+00 3.003339195251464844e+01 4.051734161376953125e+01 2.001267814636230469e+01 3.052939033508300781e+01 2.991026115417480469e+01 2.037775230407714844e+01 4.006589889526367188e+01 3.051967239379882812e+01
1.175999999046325684e+00 2.681674242019653320e+00 3.003332138061523438e+01 4.056692504882812500e+01 2.001342773437500000e+01 3.057123565673828125e+01 2.991022109985351562e+01 2.041193199157714844e+01 4.006516265869140625e+01 3.056177330017089844e+01
1.259999990463256836e+00 2.856542110443115234e+00 3.003324890136718750e+01 4.061652374267578125e+01 2.001417541503906250e+01 3.061308097839355469e+01 2.991018295288085938e+01 2.044610023498535156e+01 4.006442642211914062e+01 3.060387420654296875e+01
1.343999981880187988e+00 3.029365539550781250e+00 3.003317832946777344e+01 4.066613006591796875e+01 2.001492118835449219e+01 3.065492630004882812e+01 2.991014289855957031e+01 2.048025703430175781e+01 4.006369400024414062e+01 3.064597511291503906e+01
1.427999973297119141e+00 3.200176000595092773e+00 3.003310585021972656e+01 4.071574783325195312e+01 2.001566314697265625e+01 3.069677352905273438e+01 2.991010475158691406e+01 2.051440048217773438e+01 4.006296157836914062e+01 3.068807601928710938e+01
1.511999964714050293e+00 3.369003295898437500e+00 3.003303527832031250e+01 4.076538085937500000e+01 2.001640510559082031e+01 3.073861885070800781e+01 2.991006469726562500e+01 2.054853439331054688e+01 4.006223678588867188e+01 3.073017501831054688e+01
1.595999956130981445e+00 3.535877704620361328e+00 3.003296470642089844e+01 4.081502151489257812e+01 2.001714324951171875e+01 3.078046607971191406e+01 2.991002655029296875e+01 2.058265495300292969e+01 4.006150817871093750e+01 3.077227210998535156e+01
1.679999947547912598e+00 3.700828075408935547e+00 3.003289222717285156e+01 4.086467361450195312e+01 2.001787948608398438e+01 3.082231330871582031e+01 2.990998649597167969e+01 2.061676597595214844e+01 4.006078338623046875e+01 3.081436920166015625e+01
1.764000058174133301e+00 3.863883256912231445e+00 3.003282165527343750e+01 4.091433334350585938e+01 2.001861381530761719e+01 3.086416053771972656e+01 2.990994834899902344e+01 2.065086364746093750e+01 4.006006240844726562e+01 3.085646629333496094e+01
1.848000049591064453e+00 4.025071620941162109e+00 3.003275108337402344e+01 4.096400833129882812e+01 2.001934432983398438e+01 3.090600776672363281e+01 2.990991020202636719e+01 2.068494987487792969e+01 4.005934143066406250e+01 3.089856147766113281e+01
1.932000041007995605e+00 4.184420108795166016e+00 3.003268051147460938e+01 4.101369476318359375e+01 2.002007484436035156e+01 3.094785499572753906e+01 2.990987014770507812e+01 2.071902656555175781e+01 4.005862426757812500e+01 3.094065666198730469e+01
2.016000032424926758e+00 4.341956615447998047e+00 3.003260993957519531e+01 4.106338882446289062e+01 2.002080345153808594e+01 3.098970413208007812e+01 2.990983200073242188e+01 2.075308990478515625e+01 4.005790710449218750e+01 3.098275184631347656e+01
2.099999904632568359e+00 4.497706890106201172e+00 3.003253936767578125e+01 4.111309814453125000e+01 2.002152824401855469e+01 3.103155136108398438e+01 2.990979194641113281e+01 2.078714179992675781e+01 4.005719375610351562e+01 3.102484512329101562e+01
2.184000015258789062e+00 4.651697635650634766e+00 3.003246879577636719e+01 4.116281509399414062e+01 2.002225112915039062e+01 3.107340049743652344e+01 2.990975379943847656e+01 2.082118225097656250e+01 4.005648040771484375e+01 3.106693840026855469e+01
2.267999887466430664e+00 4.803954124450683594e+00 3.003240013122558594e+01 4.121254348754882812e+01 2.002297401428222656e+01 3.111525154113769531e+01 2.990971565246582031e+01 2.085521316528320312e+01 4.005577087402343750e+01 3.110902976989746094e+01
2.351999998092651367e+00 4.954501628875732422e+00 3.003232955932617188e+01 4.126228332519531250e+01 2.002369308471679688e+01 3.115710067749023438e+01 2.990967559814453125e+01 2.088923072814941406e+01 4.005506515502929688e+01 3.115112113952636719e+01
2.436000108718872070e+00 5.103364944458007812e+00 3.003226089477539062e+01 4.131203460693359375e+01 2.002441024780273438e+01 3.119895172119140625e+01 2.990963745117187500e+01 2.092323875427246094e+01 4.005435562133789062e+01 3.119321060180664062e+01
2.519999980926513672e+00 5.250567913055419922e+00 3.003219032287597656e+01 4.136179733276367188e+01 2.002512550354003906e+01 3.124080085754394531e+01 2.990959930419921875e+01 2.095723342895507812e+01 4.005365371704101562e+01 3.123530006408691406e+01
2.604000091552734375e+00 5.396134853363037109e+00 3.003212165832519531e+01 4.141156768798828125e+01 2.002583885192871094e+01 3.128265380859375000e+01 2.990955924987792969e+01 2.099121856689453125e+01 4.005295181274414062e+01 3.127738761901855469e+01
2.687999963760375977e+00 5.540088176727294922e+00 3.003205299377441406e+01 4.146135330200195312e+01 2.002655029296875000e+01 3.132450485229492188e+01 2.990952110290527344e+01 2.102519226074218750e+01 4.005224990844726562e+01 3.131947517395019531e+01
2.772000074386596680e+00 5.682451725006103516e+00 3.003198242187500000e+01 4.151114654541015625e+01 2.002725982666015625e+01 3.136635589599609375e+01 2.990948295593261719e+01 2.105915260314941406e+01 4.005155181884765625e+01 3.136156082153320312e+01
2.855999946594238281e+00 5.823247909545898438e+00 3.003191375732421875e+01 4.156095123291015625e+01 2.002796745300292969e+01 3.140820884704589844e+01 2.990944290161132812e+01 2.109310340881347656e+01 4.005085372924804688e+01 3.140364646911621094e+01
2.940000057220458984e+00 5.962498188018798828e+00 3.003184509277343750e+01 4.161076354980468750e+01 2.002867317199707031e+01 3.145006179809570312e+01 2.990940475463867188e+01 2.112704467773437500e+01 4.005015945434570312e+01 3.144573020935058594e+01
3.023999929428100586e+00 6.100224494934082031e+00 3.003177642822265625e+01 4.166059112548828125e+01 2.002937698364257812e+01 3.149191665649414062e+01 2.990936660766601562e+01 2.116097259521484375e+01 4.004946517944335938e+01 3.148781394958496094e+01
3.108000040054321289e+00 6.236448764801025391e+00 3.003170776367187500e+01 4.171042633056640625e+01 2.003007888793945312e+01 3.153376960754394531e+01 2.990932846069335938e+01 2.119488906860351562e+01 4.004877090454101562e+01 3.152989768981933594e+01
3.191999912261962891e+00 6.371191024780273438e+00 3.003164100646972656e+01 4.176027297973632812e+01 2.003077888488769531e+01 3.157562446594238281e+01 2.990928840637207031e+01 2.122879600524902344e+01 4.004808425903320312e+01 3.157197952270507812e+01
3.276000022888183594e+00 6.504472732543945312e+00 3.003157234191894531e+01 4.181013107299804688e+01 2.003147697448730469e+01 3.161748123168945312e+01 2.990925025939941406e+01 2.126269149780273438e+01 4.004739379882812500e+01 3.161405944824218750e+01
3.359999895095825195e+00 6.636312961578369141e+00 3.003150558471679688e+01 4.186000061035156250e+01 2.003217506408691406e+01 3.165933609008789062e+01 2.990921211242675781e+01 2.129657554626464844e+01 4.004670715332031250e+01 3.165613937377929688e+01
3.444000005722045898e+00 6.766732692718505859e+00 3.003143692016601562e+01 4.190987777709960938e+01 2.003286933898925781e+01 3.170119285583496094e+01 2.990917396545410156e+01 2.133045005798339844e+01 4.004602432250976562e+01 3.169821739196777344e+01
3.528000116348266602e+00 6.895750999450683594e+00 3.003137016296386719e+01 4.195976638793945312e+01 2.003356170654296875e+01 3.174304962158203125e+01 2.990913391113281250e+01 2.136431121826171875e+01 4.004534149169921875e+01 3.174029541015625000e+01
3.611999988555908203e+00 7.023386478424072266e+00 3.003130340576171875e+01 4.200966644287109375e+01 2.003425216674804688e+01 3.178490638732910156e+01 2.990909576416015625e+01 2.139816284179687500e+01 4.004465866088867188e+01 3.178237152099609375e+01
3.696000099182128906e+00 7.149658679962158203e+00 3.003123474121093750e+01 4.205957794189453125e+01 2.003494071960449219e+01 3.182676506042480469e+01 2.990905761718750000e+01 2.143200302124023438e+01 4.004397964477539062e+01 3.182444763183593750e+01
3.779999971389770508e+00 7.274585723876953125e+00 3.003116798400878906e+01 4.210949707031250000e+01 2.003562927246093750e+01 3.186862373352050781e+01 2.990901947021484375e+01 2.146583175659179688e+01 4.004330062866210938e+01 3.186652183532714844e+01
3.864000082015991211e+00 7.398186206817626953e+00 3.003110313415527344e+01 4.215942764282226562e+01 2.003631401062011719e+01 3.191048240661621094e+01 2.990897941589355469e+01 2.149965095520019531e+01 4.004262542724609375e+01 3.190859603881835938e+01
3.947999954223632812e+00 7.520477294921875000e+00 3.003103637695312500e+01 4.220936965942382812e+01 2.003699874877929688e+01 3.195234298706054688e+01 2.990894126892089844e+01 2.153345870971679688e+01 4.004195022583007812e+01 3.195066833496093750e+01
4.032000064849853516e+00 7.641477108001708984e+00 3.003096961975097656e+01 4.225931930541992188e+01 2.003768157958984375e+01 3.199420356750488281e+01 2.990890312194824219e+01 2.156725502014160156e+01 4.004127502441406250e+01 3.199274063110351562e+01
4.116000175476074219e+00 7.761202812194824219e+00 3.003090476989746094e+01 4.230928421020507812e+01 2.003836059570312500e+01 3.203606414794921875e+01 2.990886497497558594e+01 2.160104179382324219e+01 4.004060363769531250e+01 3.203480911254882812e+01
4.199999809265136719e+00 7.879671096801757812e+00 3.003083801269531250e+01 4.235925674438476562e+01 2.003903961181640625e+01 3.207792663574218750e+01 2.990882682800292969e+01 2.163481521606445312e+01 4.003993225097656250e+01 3.207688140869140625e+01
