Length: 70.0
Width: 65.0
Thickness: 0.2
Parameters: [(u'sphylinder_projection', (5.0, 5.0, 0.0, 3.5, 5.5, 0.64934999999999998), u'Hard'), (u'sphylinder_projection', (15.0, 5.0, 90.0, 3.5, 5.5, 0.64934999999999998), u'Hard'), (u'sphylinder_projection', (15.0, 15.0, 0.0, 3.5, 5.5, 0.64934999999999998), u'Hard'), (u'sphylinder_projection', (5.0, 15.0, 90.0, 3.5, 5.5, 0.64934999999999998), u'Hard')]
Displacement Force P2-x P2-y P1-x P1-y P4-x P4-y P3-x P3-y
0.000000000000000000e+00 -0.000000000000000000e+00 4.002660369873046875e+01 2.993276214599609375e+01 3.008736038208007812e+01 2.014043807983398438e+01 2.003852653503417969e+01 2.996805953979492188e+01 3.001824951171875000e+01 4.000399017333984375e+01
8.399999886751174927e-02 2.179445475339889526e-01 4.002591705322265625e+01 2.997483062744140625e+01 3.008750724792480469e+01 2.017532920837402344e+01 2.003918838500976562e+01 3.000986862182617188e+01 3.001822090148925781e+01 4.005328369140625000e+01
1.679999977350234985e-01 4.331252872943878174e-01 4.002523422241210938e+01 3.001690101623535156e+01 3.008765411376953125e+01 2.021021080017089844e+01 2.003984832763671875e+01 3.005167770385742188e+01 3.001819229125976562e+01 4.010258483886718750e+01
2.520000040531158447e-01 6.455839276313781738e-01 4.002455139160156250e+01 3.005896759033203125e+01 3.008780097961425781e+01 2.024508094787597656e+01 2.004050636291503906e+01 3.009348869323730469e+01 3.001816368103027344e+01 4.015190124511718750e+01
3.359999954700469971e-01 8.553662896156311035e-01 4.002387237548828125e+01 3.010103607177734375e+01 3.008794593811035156e+01 2.027994155883789062e+01 2.004116249084472656e+01 3.013529777526855469e+01 3.001813507080078125e+01 4.020122528076171875e+01
4.199999868869781494e-01 1.062515854835510254e+00 4.002319717407226562e+01 3.014310264587402344e+01 3.008809089660644531e+01 2.031478881835937500e+01 2.004181480407714844e+01 3.017710685729980469e+01 3.001810646057128906e+01 4.025056076049804688e+01
5.040000081062316895e-01 1.267074823379516602e+00 4.002252197265625000e+01 3.018517112731933594e+01 3.008823585510253906e+01 2.034962844848632812e+01 2.004246520996093750e+01 3.021891403198242188e+01 3.001807785034179688e+01 4.029990386962890625e+01
5.879999995231628418e-01 1.469085097312927246e+00 4.002185058593750000e+01 3.022723579406738281e+01 3.008838081359863281e+01 2.038445663452148438e+01 2.004311370849609375e+01 3.026072311401367188e+01 3.001805114746093750e+01 4.034926223754882812e+01
6.719999909400939941e-01 1.668587207794189453e+00 4.002117919921875000e+01 3.026930236816406250e+01 3.008852577209472656e+01 2.041927337646484375e+01 2.004376029968261719e+01 3.030253219604492188e+01 3.001802253723144531e+01 4.039862823486328125e+01
7.559999823570251465e-01 1.865621089935302734e+00 4.002051162719726562e+01 3.031136703491210938e+01 3.008866882324218750e+01 2.045408058166503906e+01 2.004440307617187500e+01 3.034434127807617188e+01 3.001799583435058594e+01 4.044800567626953125e+01
8.399999737739562988e-01 2.060225963592529297e+00 4.001984405517578125e+01 3.035343170166015625e+01 3.008881187438964844e+01 2.048887634277343750e+01 2.004504394531250000e+01 3.038615036010742188e+01 3.001796913146972656e+01 4.049739074707031250e+01
9.240000247955322266e-01 2.252439975738525391e+00 4.001918029785156250e+01 3.039549446105957031e+01 3.008895492553710938e+01 2.052366256713867188e+01 2.004568290710449219e+01 3.042795944213867188e+01 3.001794242858886719e+01 4.054679107666015625e+01
1.008000016212463379e+00 2.442301034927368164e+00 4.001852035522460938e+01 3.043755722045898438e+01 3.008909606933593750e+01 2.055843734741210938e+01 2.004631996154785156e+01 3.046976852416992188e+01 3.001791572570800781e+01 4.059619903564453125e+01
1.092000007629394531e+00 2.629845857620239258e+00 4.001786041259765625e+01 3.047961997985839844e+01 3.008923912048339844e+01 2.059320259094238281e+01 2.004695510864257812e+01 3.051157569885253906e+01 3.001788902282714844e+01 4.064561843872070312e+01
1.175999999046325684e+00 2.815110445022583008e+00 4.001720428466796875e+01 3.052168083190917969e+01 3.008938026428222656e+01 2.062795829772949219e+01 2.004758644104003906e+01 3.055338478088378906e+01 3.001786231994628906e+01 4.069504928588867188e+01
1.259999990463256836e+00 2.998130321502685547e+00 4.001654815673828125e+01 3.056374168395996094e+01 3.008952140808105469e+01 2.066270256042480469e+01 2.004821777343750000e+01 3.059519386291503906e+01 3.001783752441406250e+01 4.074448776245117188e+01
1.343999981880187988e+00 3.178940296173095703e+00 4.001589584350585938e+01 3.060580253601074219e+01 3.008966255187988281e+01 2.069743537902832031e+01 2.004884529113769531e+01 3.063700294494628906e+01 3.001781082153320312e+01 4.079393768310546875e+01
1.427999973297119141e+00 3.357574224472045898e+00 4.001524353027343750e+01 3.064786148071289062e+01 3.008980178833007812e+01 2.073215866088867188e+01 2.004947090148925781e+01 3.067881202697753906e+01 3.001778602600097656e+01 4.084339904785156250e+01
1.511999964714050293e+00 3.534065485000610352e+00 4.001459503173828125e+01 3.068992042541503906e+01 3.008994102478027344e+01 2.076687240600585938e+01 2.005009460449218750e+01 3.072062110900878906e+01 3.001775932312011719e+01 4.089286804199218750e+01
1.595999956130981445e+00 3.708447217941284180e+00 4.001395034790039062e+01 3.073197937011718750e+01 3.009008026123046875e+01 2.080157470703125000e+01 2.005071640014648438e+01 3.076243019104003906e+01 3.001773452758789062e+01 4.094235229492187500e+01
1.679999947547912598e+00 3.880751132965087891e+00 4.001330566406250000e+01 3.077403640747070312e+01 3.009021949768066406e+01 2.083626747131347656e+01 2.005133628845214844e+01 3.080423927307128906e+01 3.001770973205566406e+01 4.099184417724609375e+01
1.764000058174133301e+00 4.051009178161621094e+00 4.001266098022460938e+01 3.081609153747558594e+01 3.009035682678222656e+01 2.087094879150390625e+01 2.005195426940917969e+01 3.084605026245117188e+01 3.001768493652343750e+01 4.104134368896484375e+01
1.848000049591064453e+00 4.219251632690429688e+00 4.001202011108398438e+01 3.085814666748046875e+01 3.009049606323242188e+01 2.090562057495117188e+01 2.005257034301757812e+01 3.088785934448242188e+01 3.001766014099121094e+01 4.109085845947265625e+01
1.932000041007995605e+00 4.385509014129638672e+00 4.001137924194335938e+01 3.090020179748535156e+01 3.009063339233398438e+01 2.094028282165527344e+01 2.005318450927734375e+01 3.092967033386230469e+01 3.001763534545898438e+01 4.114038085937500000e+01
2.016000032424926758e+00 4.549811363220214844e+00 4.001074218750000000e+01 3.094225502014160156e+01 3.009077072143554688e+01 2.097493362426757812e+01 2.005379676818847656e+01 3.097147941589355469e+01 3.001761054992675781e+01 4.118991470336914062e+01
2.099999904632568359e+00 4.712187767028808594e+00 4.001010894775390625e+01 3.098430824279785156e+01 3.009090614318847656e+01 2.100957489013671875e+01 2.005440521240234375e+01 3.101329040527343750e+01 3.001758766174316406e+01 4.123945617675781250e+01
2.184000015258789062e+00 4.872666835784912109e+00 4.000947570800781250e+01 3.102635955810546875e+01 3.009104347229003906e+01 2.104420471191406250e+01 2.005501365661621094e+01 3.105510139465332031e+01 3.001756286621093750e+01 4.128900909423828125e+01
2.267999887466430664e+00 5.031276226043701172e+00 4.000884246826171875e+01 3.106841087341308594e+01 3.009117889404296875e+01 2.107882690429687500e+01 2.005562019348144531e+01 3.109691238403320312e+01 3.001753997802734375e+01 4.133857345581054688e+01
2.351999998092651367e+00 5.188044548034667969e+00 4.000821304321289062e+01 3.111046218872070312e+01 3.009131431579589844e+01 2.111343574523925781e+01 2.005622482299804688e+01 3.113872337341308594e+01 3.001751518249511719e+01 4.138814926147460938e+01
2.436000108718872070e+00 5.342997550964355469e+00 4.000758743286132812e+01 3.115251159667968750e+01 3.009144783020019531e+01 2.114803695678710938e+01 2.005682563781738281e+01 3.118053436279296875e+01 3.001749229431152344e+01 4.143773269653320312e+01
2.519999980926513672e+00 5.496162891387939453e+00 4.000695800781250000e+01 3.119455909729003906e+01 3.009158325195312500e+01 2.118262672424316406e+01 2.005742645263671875e+01 3.122234535217285156e+01 3.001746940612792969e+01 4.148732757568359375e+01
2.604000091552734375e+00 5.647565841674804688e+00 4.000633621215820312e+01 3.123660659790039062e+01 3.009171676635742188e+01 2.121720504760742188e+01 2.005802536010742188e+01 3.126415824890136719e+01 3.001744651794433594e+01 4.153693008422851562e+01
2.687999963760375977e+00 5.797232627868652344e+00 4.000571441650390625e+01 3.127865219116210938e+01 3.009185028076171875e+01 2.125177574157714844e+01 2.005862236022949219e+01 3.130596923828125000e+01 3.001742362976074219e+01 4.158654785156250000e+01
2.772000074386596680e+00 5.945188045501708984e+00 4.000509262084960938e+01 3.132069778442382812e+01 3.009198188781738281e+01 2.128633499145507812e+01 2.005921745300292969e+01 3.134778213500976562e+01 3.001740074157714844e+01 4.163617324829101562e+01
2.855999946594238281e+00 6.091456890106201172e+00 4.000447463989257812e+01 3.136274337768554688e+01 3.009211540222167969e+01 2.132088279724121094e+01 2.005981063842773438e+01 3.138959503173828125e+01 3.001737976074218750e+01 4.168580627441406250e+01
2.940000057220458984e+00 6.236063003540039062e+00 4.000385665893554688e+01 3.140478706359863281e+01 3.009224700927734375e+01 2.135542297363281250e+01 2.006040382385253906e+01 3.143140792846679688e+01 3.001735687255859375e+01 4.173545455932617188e+01
3.023999929428100586e+00 6.379030704498291016e+00 4.000323867797851562e+01 3.144682884216308594e+01 3.009237861633300781e+01 2.138995170593261719e+01 2.006099319458007812e+01 3.147322273254394531e+01 3.001733398437500000e+01 4.178511047363281250e+01
3.108000040054321289e+00 6.520382881164550781e+00 4.000262451171875000e+01 3.148887062072753906e+01 3.009250831604003906e+01 2.142447090148925781e+01 2.006158065795898438e+01 3.151503562927246094e+01 3.001731300354003906e+01 4.183477401733398438e+01
3.191999912261962891e+00 6.660142898559570312e+00 4.000201416015625000e+01 3.153091049194335938e+01 3.009263992309570312e+01 2.145897865295410156e+01 2.006216812133789062e+01 3.155685043334960938e+01 3.001729202270507812e+01 4.188445281982421875e+01
3.276000022888183594e+00 6.798332691192626953e+00 4.000140380859375000e+01 3.157295036315917969e+01 3.009276962280273438e+01 2.149347686767578125e+01 2.006275367736816406e+01 3.159866523742675781e+01 3.001726913452148438e+01 4.193413925170898438e+01
3.359999895095825195e+00 6.934975147247314453e+00 4.000079345703125000e+01 3.161498832702636719e+01 3.009289932250976562e+01 2.152796554565429688e+01 2.006333541870117188e+01 3.164048004150390625e+01 3.001724815368652344e+01 4.198383331298828125e+01
3.444000005722045898e+00 7.070091247558593750e+00 4.000018692016601562e+01 3.165702629089355469e+01 3.009302711486816406e+01 2.156244277954101562e+01 2.006391716003417969e+01 3.168229675292968750e+01 3.001722717285156250e+01 4.203354263305664062e+01
3.528000116348266602e+00 7.203702449798583984e+00 3.999958038330078125e+01 3.169906234741210938e+01 3.009315681457519531e+01 2.159691047668457031e+01 2.006449699401855469e+01 3.172411155700683594e+01 3.001720619201660156e+01 4.208325958251953125e+01
3.611999988555908203e+00 7.335830211639404297e+00 3.999897384643554688e+01 3.174109840393066406e+01 3.009328460693359375e+01 2.163136863708496094e+01 2.006507682800292969e+01 3.176592826843261719e+01 3.001718711853027344e+01 4.213298416137695312e+01
3.696000099182128906e+00 7.466495037078857422e+00 3.999837112426757812e+01 3.178313064575195312e+01 3.009341049194335938e+01 2.166581726074218750e+01 2.006565284729003906e+01 3.180774497985839844e+01 3.001716613769531250e+01 4.218272018432617188e+01
3.779999971389770508e+00 7.595716476440429688e+00 3.999776840209960938e+01 3.182516479492187500e+01 3.009353828430175781e+01 2.170025444030761719e+01 2.006622886657714844e+01 3.184956359863281250e+01 3.001714515686035156e+01 4.223246765136718750e+01
3.864000082015991211e+00 7.723515033721923828e+00 3.999716949462890625e+01 3.186719703674316406e+01 3.009366416931152344e+01 2.173468208312988281e+01 2.006680297851562500e+01 3.189138031005859375e+01 3.001712608337402344e+01 4.228222656250000000e+01
3.947999954223632812e+00 7.849909782409667969e+00 3.999657058715820312e+01 3.190922737121582031e+01 3.009379005432128906e+01 2.176909828186035156e+01 2.006737518310546875e+01 3.193319892883300781e+01 3.001710700988769531e+01 4.233199310302734375e+01
4.032000064849853516e+00 7.974920749664306641e+00 3.999597549438476562e+01 3.195125770568847656e+01 3.009391593933105469e+01 2.180350685119628906e+01 2.006794548034667969e+01 3.197501754760742188e+01 3.001708602905273438e+01 4.238177108764648438e+01
4.116000175476074219e+00 8.098566055297851562e+00 3.999538040161132812e+01 3.199328613281250000e+01 3.009403991699218750e+01 2.183790397644042969e+01 2.006851577758789062e+01 3.201683807373046875e+01 3.001706695556640625e+01 4.243156051635742188e+01
4.199999809265136719e+00 8.220864295959472656e+00 3.999478530883789062e+01 3.203531265258789062e+01 3.009416580200195312e+01 2.187229156494140625e+01 2.006908416748046875e+01 3.205865478515625000e+01 3.001704788208007812e+01 4.248135757446289062e+01
