Length: 70.0
Width: 65.0
Thickness: 0.2
Parameters: [(u'sphylinder_projection', (5.0, 5.0, 0.0, 3.5, 5.5, 0.17482500000000001), u'Hard'), (u'sphylinder_projection', (15.0, 5.0, 90.0, 3.5, 5.5, 0.17482500000000001), u'Hard'), (u'sphylinder_projection', (15.0, 15.0, 0.0, 3.5, 5.5, 0.17482500000000001), u'Hard'), (u'sphylinder_projection', (5.0, 15.0, 90.0, 3.5, 5.5, 0.17482500000000001), u'Hard')]
Displacement Force P1-x P1-y P4-x P4-y P3-x P3-y P2-x P2-y
0.000000000000000000e+00 -0.000000000000000000e+00 2.997791671752929688e+01 2.007241439819335938e+01 1.989610862731933594e+01 2.999666213989257812e+01 2.990653228759765625e+01 4.009485626220703125e+01 4.009452819824218750e+01 3.000740623474121094e+01
8.399999886751174927e-02 1.967604011297225952e-01 2.997796058654785156e+01 2.010662269592285156e+01 1.989698219299316406e+01 3.003852653503417969e+01 2.990651130676269531e+01 4.014482498168945312e+01 4.009365463256835938e+01 3.004954719543457031e+01
1.679999977350234985e-01 3.911755383014678955e-01 2.997800254821777344e+01 2.014081573486328125e+01 1.989785194396972656e+01 3.008039093017578125e+01 2.990649032592773438e+01 4.019481277465820312e+01 4.009278106689453125e+01 3.009168624877929688e+01
2.520000040531158447e-01 5.832787752151489258e-01 2.997804641723632812e+01 2.017499732971191406e+01 1.989871978759765625e+01 3.012225532531738281e+01 2.990646934509277344e+01 4.024480819702148438e+01 4.009191131591796875e+01 3.013382530212402344e+01
3.359999954700469971e-01 7.731084227561950684e-01 2.997808837890625000e+01 2.020916557312011719e+01 1.989958381652832031e+01 3.016412162780761719e+01 2.990644836425781250e+01 4.029482269287109375e+01 4.009104537963867188e+01 3.017596626281738281e+01
4.199999868869781494e-01 9.607000350952148438e-01 2.997813224792480469e+01 2.024331855773925781e+01 1.990044784545898438e+01 3.020598602294921875e+01 2.990642738342285156e+01 4.034485244750976562e+01 4.009017944335937500e+01 3.021810340881347656e+01
5.040000081062316895e-01 1.146088600158691406e+00 2.997817420959472656e+01 2.027746009826660156e+01 1.990130805969238281e+01 3.024785232543945312e+01 2.990640830993652344e+01 4.039489364624023438e+01 4.008931732177734375e+01 3.026024246215820312e+01
5.879999995231628418e-01 1.329308271408081055e+00 2.997821807861328125e+01 2.031158828735351562e+01 1.990216636657714844e+01 3.028972053527832031e+01 2.990638732910156250e+01 4.044495010375976562e+01 4.008845520019531250e+01 3.030238151550292969e+01
6.719999909400939941e-01 1.510392785072326660e+00 2.997826004028320312e+01 2.034570312500000000e+01 1.990302085876464844e+01 3.033158683776855469e+01 2.990636825561523438e+01 4.049501800537109375e+01 4.008760070800781250e+01 3.034451866149902344e+01
7.559999823570251465e-01 1.689374923706054688e+00 2.997830200195312500e+01 2.037980651855468750e+01 1.990387535095214844e+01 3.037345504760742188e+01 2.990634918212890625e+01 4.054510116577148438e+01 4.008674240112304688e+01 3.038665580749511719e+01
8.399999737739562988e-01 1.866286873817443848e+00 2.997834587097167969e+01 2.041389465332031250e+01 1.990472602844238281e+01 3.041532325744628906e+01 2.990632820129394531e+01 4.059519958496093750e+01 4.008589172363281250e+01 3.042879295349121094e+01
9.240000247955322266e-01 2.041160583496093750e+00 2.997838783264160156e+01 2.044797134399414062e+01 1.990557289123535156e+01 3.045719146728515625e+01 2.990630912780761719e+01 4.064531326293945312e+01 4.008504104614257812e+01 3.047092819213867188e+01
1.008000016212463379e+00 2.214026689529418945e+00 2.997843170166015625e+01 2.048203468322753906e+01 1.990641975402832031e+01 3.049906158447265625e+01 2.990629005432128906e+01 4.069543838500976562e+01 4.008419418334960938e+01 3.051306343078613281e+01
1.092000007629394531e+00 2.384915828704833984e+00 2.997847366333007812e+01 2.051608657836914062e+01 1.990726280212402344e+01 3.054093170166015625e+01 2.990627098083496094e+01 4.074557876586914062e+01 4.008334732055664062e+01 3.055519866943359375e+01
1.175999999046325684e+00 2.553858041763305664e+00 2.997851562500000000e+01 2.055012512207031250e+01 1.990810585021972656e+01 3.058280181884765625e+01 2.990625381469726562e+01 4.079573059082031250e+01 4.008250427246093750e+01 3.059733390808105469e+01
1.259999990463256836e+00 2.720882177352905273e+00 2.997855949401855469e+01 2.058415031433105469e+01 1.990894317626953125e+01 3.062467193603515625e+01 2.990623474121093750e+01 4.084589767456054688e+01 4.008166122436523438e+01 3.063946723937988281e+01
1.343999981880187988e+00 2.886017084121704102e+00 2.997860145568847656e+01 2.061816406250000000e+01 1.990978050231933594e+01 3.066654396057128906e+01 2.990621757507324219e+01 4.089607620239257812e+01 4.008082580566406250e+01 3.068160057067871094e+01
1.427999973297119141e+00 3.049290895462036133e+00 2.997864341735839844e+01 2.065216445922851562e+01 1.991061592102050781e+01 3.070841598510742188e+01 2.990619850158691406e+01 4.094626998901367188e+01 4.007998657226562500e+01 3.072373390197753906e+01
1.511999964714050293e+00 3.210731267929077148e+00 2.997868537902832031e+01 2.068615150451660156e+01 1.991144752502441406e+01 3.075028991699218750e+01 2.990618133544921875e+01 4.099647903442382812e+01 4.007915496826171875e+01 3.076586532592773438e+01
1.595999956130981445e+00 3.370365619659423828e+00 2.997872924804687500e+01 2.072012710571289062e+01 1.991227722167968750e+01 3.079216384887695312e+01 2.990616416931152344e+01 4.104669952392578125e+01 4.007832336425781250e+01 3.080799674987792969e+01
1.679999947547912598e+00 3.528219938278198242e+00 2.997877120971679688e+01 2.075409126281738281e+01 1.991310501098632812e+01 3.083403778076171875e+01 2.990614700317382812e+01 4.109693527221679688e+01 4.007749176025390625e+01 3.085012817382812500e+01
1.764000058174133301e+00 3.684320688247680664e+00 2.997881317138671875e+01 2.078804206848144531e+01 1.991393089294433594e+01 3.087591171264648438e+01 2.990612983703613281e+01 4.114718246459960938e+01 4.007666397094726562e+01 3.089225959777832031e+01
1.848000049591064453e+00 3.838693380355834961e+00 2.997885513305664062e+01 2.082198143005371094e+01 1.991475486755371094e+01 3.091778755187988281e+01 2.990611267089843750e+01 4.119744110107421875e+01 4.007583999633789062e+01 3.093438911437988281e+01
1.932000041007995605e+00 3.991363048553466797e+00 2.997889709472656250e+01 2.085590744018554688e+01 1.991557502746582031e+01 3.095966529846191406e+01 2.990609550476074219e+01 4.124771499633789062e+01 4.007501602172851562e+01 3.097651863098144531e+01
2.016000032424926758e+00 4.142354488372802734e+00 2.997893905639648438e+01 2.088982200622558594e+01 1.991639518737792969e+01 3.100154113769531250e+01 2.990608024597167969e+01 4.129800415039062500e+01 4.007419586181640625e+01 3.101864624023437500e+01
2.099999904632568359e+00 4.291691780090332031e+00 2.997898101806640625e+01 2.092372322082519531e+01 1.991721153259277344e+01 3.104341888427734375e+01 2.990606307983398438e+01 4.134830474853515625e+01 4.007337570190429688e+01 3.106077384948730469e+01
2.184000015258789062e+00 4.439398765563964844e+00 2.997902297973632812e+01 2.095761489868164062e+01 1.991802597045898438e+01 3.108529853820800781e+01 2.990604782104492188e+01 4.139861679077148438e+01 4.007255935668945312e+01 3.110290145874023438e+01
2.267999887466430664e+00 4.585498809814453125e+00 2.997906494140625000e+01 2.099149322509765625e+01 1.991883850097656250e+01 3.112717819213867188e+01 2.990603256225585938e+01 4.144894409179687500e+01 4.007174682617187500e+01 3.114502716064453125e+01
2.351999998092651367e+00 4.730014801025390625e+00 2.997910690307617188e+01 2.102535820007324219e+01 1.991964912414550781e+01 3.116905784606933594e+01 2.990601730346679688e+01 4.149928283691406250e+01 4.007093429565429688e+01 3.118715286254882812e+01
2.436000108718872070e+00 4.872968673706054688e+00 2.997914695739746094e+01 2.105921363830566406e+01 1.992045783996582031e+01 3.121093940734863281e+01 2.990600204467773438e+01 4.154963302612304688e+01 4.007012176513671875e+01 3.122927856445312500e+01
2.519999980926513672e+00 5.014383316040039062e+00 2.997918891906738281e+01 2.109305572509765625e+01 1.992126464843750000e+01 3.125282096862792969e+01 2.990598678588867188e+01 4.159999847412109375e+01 4.006931304931640625e+01 3.127140235900878906e+01
2.604000091552734375e+00 5.154280185699462891e+00 2.997923088073730469e+01 2.112688636779785156e+01 1.992206954956054688e+01 3.129470252990722656e+01 2.990597343444824219e+01 4.165037536621093750e+01 4.006850814819335938e+01 3.131352615356445312e+01
2.687999963760375977e+00 5.292679786682128906e+00 2.997927093505859375e+01 2.116070556640625000e+01 1.992287063598632812e+01 3.133658599853515625e+01 2.990595817565917969e+01 4.170076751708984375e+01 4.006770324707031250e+01 3.135564804077148438e+01
2.772000074386596680e+00 5.429604053497314453e+00 2.997931289672851562e+01 2.119451332092285156e+01 1.992367172241210938e+01 3.137846946716308594e+01 2.990594482421875000e+01 4.175117111206054688e+01 4.006690216064453125e+01 3.139776992797851562e+01
2.855999946594238281e+00 5.565072536468505859e+00 2.997935295104980469e+01 2.122830963134765625e+01 1.992446899414062500e+01 3.142035484313964844e+01 2.990593147277832031e+01 4.180158615112304688e+01 4.006610488891601562e+01 3.143988990783691406e+01
2.940000057220458984e+00 5.699106216430664062e+00 2.997939491271972656e+01 2.126209259033203125e+01 1.992526626586914062e+01 3.146224021911621094e+01 2.990591621398925781e+01 4.185201644897460938e+01 4.006530380249023438e+01 3.148201179504394531e+01
3.023999929428100586e+00 5.831724643707275391e+00 2.997943496704101562e+01 2.129586601257324219e+01 1.992605972290039062e+01 3.150412750244140625e+01 2.990590476989746094e+01 4.190245437622070312e+01 4.006451034545898438e+01 3.152412986755371094e+01
3.108000040054321289e+00 5.962946891784667969e+00 2.997947502136230469e+01 2.132962608337402344e+01 1.992685317993164062e+01 3.154601478576660156e+01 2.990589141845703125e+01 4.195291137695312500e+01 4.006371688842773438e+01 3.156624984741210938e+01
3.191999912261962891e+00 6.092792034149169922e+00 2.997951698303222656e+01 2.136337661743164062e+01 1.992764282226562500e+01 3.158790206909179688e+01 2.990587806701660156e+01 4.200337600708007812e+01 4.006292343139648438e+01 3.160836791992187500e+01
3.276000022888183594e+00 6.221279621124267578e+00 2.997955703735351562e+01 2.139711380004882812e+01 1.992843055725097656e+01 3.162979125976562500e+01 2.990586471557617188e+01 4.205385589599609375e+01 4.006213378906250000e+01 3.165048408508300781e+01
3.359999895095825195e+00 6.348427295684814453e+00 2.997959709167480469e+01 2.143084144592285156e+01 1.992921638488769531e+01 3.167168235778808594e+01 2.990585327148437500e+01 4.210434722900390625e+01 4.006134796142578125e+01 3.169260025024414062e+01
3.444000005722045898e+00 6.474253654479980469e+00 2.997963714599609375e+01 2.146455574035644531e+01 1.993000221252441406e+01 3.171357345581054688e+01 2.990584182739257812e+01 4.215485000610351562e+01 4.006055831909179688e+01 3.173471641540527344e+01
3.528000116348266602e+00 6.598775863647460938e+00 2.997967720031738281e+01 2.149826049804687500e+01 1.993078422546386719e+01 3.175546455383300781e+01 2.990583038330078125e+01 4.220536422729492188e+01 4.005977630615234375e+01 3.177683067321777344e+01
3.611999988555908203e+00 6.722012042999267578e+00 2.997971725463867188e+01 2.153195381164550781e+01 1.993156433105468750e+01 3.179735755920410156e+01 2.990581893920898438e+01 4.225589370727539062e+01 4.005899429321289062e+01 3.181894493103027344e+01
3.696000099182128906e+00 6.843978881835937500e+00 2.997975730895996094e+01 2.156563377380371094e+01 1.993234252929687500e+01 3.183925056457519531e+01 2.990580749511718750e+01 4.230643081665039062e+01 4.005821228027343750e+01 3.186105728149414062e+01
3.779999971389770508e+00 6.964693546295166016e+00 2.997979736328125000e+01 2.159930419921875000e+01 1.993312072753906250e+01 3.188114547729492188e+01 2.990579605102539062e+01 4.235698318481445312e+01 4.005743408203125000e+01 3.190316963195800781e+01
3.864000082015991211e+00 7.084172725677490234e+00 2.997983551025390625e+01 2.163296318054199219e+01 1.993389511108398438e+01 3.192304039001464844e+01 2.990578651428222656e+01 4.240755081176757812e+01 4.005665969848632812e+01 3.194528007507324219e+01
3.947999954223632812e+00 7.202432155609130859e+00 2.997987556457519531e+01 2.166661071777343750e+01 1.993466758728027344e+01 3.196493721008300781e+01 2.990577507019042969e+01 4.245812606811523438e+01 4.005588531494140625e+01 3.198739051818847656e+01
4.032000064849853516e+00 7.319488525390625000e+00 2.997991371154785156e+01 2.170024871826171875e+01 1.993544006347656250e+01 3.200683593750000000e+01 2.990576553344726562e+01 4.250871658325195312e+01 4.005511093139648438e+01 3.202949905395507812e+01
4.116000175476074219e+00 7.435357570648193359e+00 2.997995376586914062e+01 2.173387336730957031e+01 1.993620872497558594e+01 3.204873275756835938e+01 2.990575599670410156e+01 4.255931472778320312e+01 4.005434036254882812e+01 3.207160949707031250e+01
4.199999809265136719e+00 7.550054550170898438e+00 2.997999191284179688e+01 2.176748847961425781e+01 1.993697738647460938e+01 3.209063339233398438e+01 2.990574645996093750e+01 4.260992813110351562e+01 4.005357360839843750e+01 3.211371612548828125e+01
