Length: 70.0
Width: 65.0
Thickness: 0.2
Parameters: [(u'sphylinder_projection', (5.0, 5.0, 0.0, 3.5, 5.5, 0.074925000000000005), u'Hard'), (u'sphylinder_projection', (15.0, 5.0, 90.0, 3.5, 5.5, 0.074925000000000005), u'Hard'), (u'sphylinder_projection', (15.0, 15.0, 0.0, 3.5, 5.5, 0.074925000000000005), u'Hard'), (u'sphylinder_projection', (5.0, 15.0, 90.0, 3.5, 5.5, 0.074925000000000005), u'Hard')]
Displacement Force P2-x P2-y P4-x P4-y P3-x P3-y P1-x P1-y
0.000000000000000000e+00 -0.000000000000000000e+00 4.003894042968750000e+01 2.995632743835449219e+01 2.001095771789550781e+01 3.010320281982421875e+01 2.993204498291015625e+01 4.010382080078125000e+01 2.990661430358886719e+01 2.009913635253906250e+01
8.399999886751174927e-02 1.937695592641830444e-01 4.003797912597656250e+01 2.999840736389160156e+01 2.001196289062500000e+01 3.014518928527832031e+01 2.993203926086425781e+01 4.015388870239257812e+01 2.990663528442382812e+01 2.013328361511230469e+01
1.679999977350234985e-01 3.852511644363403320e-01 4.003702163696289062e+01 3.004048538208007812e+01 2.001296615600585938e+01 3.018717765808105469e+01 2.993203163146972656e+01 4.020396804809570312e+01 2.990665817260742188e+01 2.016741561889648438e+01
2.520000040531158447e-01 5.744771361351013184e-01 4.003606796264648438e+01 3.008256530761718750e+01 2.001396560668945312e+01 3.022916603088378906e+01 2.993202590942382812e+01 4.025406265258789062e+01 2.990667915344238281e+01 2.020153617858886719e+01
3.359999954700469971e-01 7.614846825599670410e-01 4.003511428833007812e+01 3.012464332580566406e+01 2.001496315002441406e+01 3.027115440368652344e+01 2.993202018737792969e+01 4.030417633056640625e+01 2.990670013427734375e+01 2.023564147949218750e+01
4.199999868869781494e-01 9.463083744049072266e-01 4.003416442871093750e+01 3.016672134399414062e+01 2.001595878601074219e+01 3.031314468383789062e+01 2.993201446533203125e+01 4.035430145263671875e+01 2.990672302246093750e+01 2.026973533630371094e+01
5.040000081062316895e-01 1.128982186317443848e+00 4.003321838378906250e+01 3.020879936218261719e+01 2.001695060729980469e+01 3.035513496398925781e+01 2.993200874328613281e+01 4.040443801879882812e+01 2.990674400329589844e+01 2.030381584167480469e+01
5.879999995231628418e-01 1.309539437294006348e+00 4.003227233886718750e+01 3.025087547302246094e+01 2.001793861389160156e+01 3.039712524414062500e+01 2.993200302124023438e+01 4.045459365844726562e+01 2.990676689147949219e+01 2.033788299560546875e+01
6.719999909400939941e-01 1.488012671470642090e+00 4.003133010864257812e+01 3.029295158386230469e+01 2.001892471313476562e+01 3.043911552429199219e+01 2.993199729919433594e+01 4.050476074218750000e+01 2.990678787231445312e+01 2.037193679809570312e+01
7.559999823570251465e-01 1.664433836936950684e+00 4.003039169311523438e+01 3.033502769470214844e+01 2.001990890502929688e+01 3.048110771179199219e+01 2.993199157714843750e+01 4.055494308471679688e+01 2.990681076049804688e+01 2.040597724914550781e+01
8.399999737739562988e-01 1.838834285736083984e+00 4.002945327758789062e+01 3.037710380554199219e+01 2.002089118957519531e+01 3.052309989929199219e+01 2.993198776245117188e+01 4.060514068603515625e+01 2.990683364868164062e+01 2.044000625610351562e+01
9.240000247955322266e-01 2.011244773864746094e+00 4.002851867675781250e+01 3.041917800903320312e+01 2.002186965942382812e+01 3.056509399414062500e+01 2.993198204040527344e+01 4.065534973144531250e+01 2.990685653686523438e+01 2.047402191162109375e+01
1.008000016212463379e+00 2.181695699691772461e+00 4.002758789062500000e+01 3.046125221252441406e+01 2.002284622192382812e+01 3.060708808898925781e+01 2.993197822570800781e+01 4.070557785034179688e+01 2.990687751770019531e+01 2.050802421569824219e+01
1.092000007629394531e+00 2.350216150283813477e+00 4.002665710449218750e+01 3.050332641601562500e+01 2.002381896972656250e+01 3.064908218383789062e+01 2.993197250366210938e+01 4.075581359863281250e+01 2.990690040588378906e+01 2.054201316833496094e+01
1.175999999046325684e+00 2.516835451126098633e+00 4.002573013305664062e+01 3.054539871215820312e+01 2.002478981018066406e+01 3.069107627868652344e+01 2.993196868896484375e+01 4.080606842041015625e+01 2.990692329406738281e+01 2.057599067687988281e+01
1.259999990463256836e+00 2.681581974029541016e+00 4.002480697631835938e+01 3.058747100830078125e+01 2.002575874328613281e+01 3.073307228088378906e+01 2.993196487426757812e+01 4.085633468627929688e+01 2.990694618225097656e+01 2.060995674133300781e+01
1.343999981880187988e+00 2.844483375549316406e+00 4.002388381958007812e+01 3.062954330444335938e+01 2.002672386169433594e+01 3.077507019042968750e+01 2.993196105957031250e+01 4.090661621093750000e+01 2.990696907043457031e+01 2.064390754699707031e+01
1.427999973297119141e+00 3.005567550659179688e+00 4.002296447753906250e+01 3.067161560058593750e+01 2.002768707275390625e+01 3.081706619262695312e+01 2.993195724487304688e+01 4.095690917968750000e+01 2.990699195861816406e+01 2.067784881591796875e+01
1.511999964714050293e+00 3.164860725402832031e+00 4.002204895019531250e+01 3.071368598937988281e+01 2.002864837646484375e+01 3.085906410217285156e+01 2.993195343017578125e+01 4.100721740722656250e+01 2.990701484680175781e+01 2.071177482604980469e+01
1.595999956130981445e+00 3.322389841079711914e+00 4.002113342285156250e+01 3.075575637817382812e+01 2.002960586547851562e+01 3.090106391906738281e+01 2.993194961547851562e+01 4.105753707885742188e+01 2.990703773498535156e+01 2.074569129943847656e+01
1.679999947547912598e+00 3.478180170059204102e+00 4.002022171020507812e+01 3.079782485961914062e+01 2.003056144714355469e+01 3.094306373596191406e+01 2.993194580078125000e+01 4.110787200927734375e+01 2.990706253051757812e+01 2.077959442138671875e+01
1.764000058174133301e+00 3.632257461547851562e+00 4.001931381225585938e+01 3.083989334106445312e+01 2.003151321411132812e+01 3.098506355285644531e+01 2.993194198608398438e+01 4.115822219848632812e+01 2.990708541870117188e+01 2.081348419189453125e+01
1.848000049591064453e+00 3.784646511077880859e+00 4.001840591430664062e+01 3.088196182250976562e+01 2.003246498107910156e+01 3.102706336975097656e+01 2.993194007873535156e+01 4.120858383178710938e+01 2.990710830688476562e+01 2.084736251831054688e+01
1.932000041007995605e+00 3.935371637344360352e+00 4.001749801635742188e+01 3.092403030395507812e+01 2.003341293334960938e+01 3.106906509399414062e+01 2.993193626403808594e+01 4.125896072387695312e+01 2.990713119506835938e+01 2.088122940063476562e+01
2.016000032424926758e+00 4.084456920623779297e+00 4.001659774780273438e+01 3.096609687805175781e+01 2.003435897827148438e+01 3.111106872558593750e+01 2.993193435668945312e+01 4.130934906005859375e+01 2.990715408325195312e+01 2.091508483886718750e+01
2.099999904632568359e+00 4.231925964355468750e+00 4.001569747924804688e+01 3.100816154479980469e+01 2.003530120849609375e+01 3.115307044982910156e+01 2.993193054199218750e+01 4.135974884033203125e+01 2.990717887878417969e+01 2.094892692565917969e+01
2.184000015258789062e+00 4.377801418304443359e+00 4.001479721069335938e+01 3.105022811889648438e+01 2.003624153137207031e+01 3.119507598876953125e+01 2.993192863464355469e+01 4.141016387939453125e+01 2.990720176696777344e+01 2.098275756835937500e+01
2.267999887466430664e+00 4.522106170654296875e+00 4.001390457153320312e+01 3.109229278564453125e+01 2.003717994689941406e+01 3.123707962036132812e+01 2.993192672729492188e+01 4.146059417724609375e+01 2.990722465515136719e+01 2.101657676696777344e+01
2.351999998092651367e+00 4.664863109588623047e+00 4.001301193237304688e+01 3.113435554504394531e+01 2.003811645507812500e+01 3.127908515930175781e+01 2.993192481994628906e+01 4.151103591918945312e+01 2.990724945068359375e+01 2.105038261413574219e+01
2.436000108718872070e+00 4.806093215942382812e+00 4.001211929321289062e+01 3.117641830444335938e+01 2.003904914855957031e+01 3.132109260559082031e+01 2.993192291259765625e+01 4.156148910522460938e+01 2.990727233886718750e+01 2.108417892456054688e+01
2.519999980926513672e+00 4.945817947387695312e+00 4.001123046875000000e+01 3.121848106384277344e+01 2.003997993469238281e+01 3.136310005187988281e+01 2.993192100524902344e+01 4.161195755004882812e+01 2.990729522705078125e+01 2.111796188354492188e+01
2.604000091552734375e+00 5.084059238433837891e+00 4.001034545898437500e+01 3.126054382324218750e+01 2.004090881347656250e+01 3.140510749816894531e+01 2.993192100524902344e+01 4.166243743896484375e+01 2.990732002258300781e+01 2.115173339843750000e+01
2.687999963760375977e+00 5.220836639404296875e+00 4.000946044921875000e+01 3.130260467529296875e+01 2.004183578491210938e+01 3.144711685180664062e+01 2.993191909790039062e+01 4.171292877197265625e+01 2.990734291076660156e+01 2.118549346923828125e+01
2.772000074386596680e+00 5.356171607971191406e+00 4.000857925415039062e+01 3.134466361999511719e+01 2.004275894165039062e+01 3.148912620544433594e+01 2.993191909790039062e+01 4.176343536376953125e+01 2.990736770629882812e+01 2.121924209594726562e+01
2.855999946594238281e+00 5.490083217620849609e+00 4.000769805908203125e+01 3.138672256469726562e+01 2.004368019104003906e+01 3.153113746643066406e+01 2.993191719055175781e+01 4.181395339965820312e+01 2.990739059448242188e+01 2.125297927856445312e+01
2.940000057220458984e+00 5.622591018676757812e+00 4.000682067871093750e+01 3.142878150939941406e+01 2.004459953308105469e+01 3.157314872741699219e+01 2.993191719055175781e+01 4.186448669433593750e+01 2.990741348266601562e+01 2.128670501708984375e+01
3.023999929428100586e+00 5.753715038299560547e+00 4.000594711303710938e+01 3.147083854675292969e+01 2.004551696777343750e+01 3.161516189575195312e+01 2.993191719055175781e+01 4.191502761840820312e+01 2.990743827819824219e+01 2.132041931152343750e+01
3.108000040054321289e+00 5.883473873138427734e+00 4.000507354736328125e+01 3.151289558410644531e+01 2.004643058776855469e+01 3.165717506408691406e+01 2.993191719055175781e+01 4.196558761596679688e+01 2.990746116638183594e+01 2.135412216186523438e+01
3.191999912261962891e+00 6.011885643005371094e+00 4.000420379638671875e+01 3.155495262145996094e+01 2.004734230041503906e+01 3.169918823242187500e+01 2.993191719055175781e+01 4.201615524291992188e+01 2.990748596191406250e+01 2.138781356811523438e+01
3.276000022888183594e+00 6.138968944549560547e+00 4.000333404541015625e+01 3.159700775146484375e+01 2.004825210571289062e+01 3.174120330810546875e+01 2.993191719055175781e+01 4.206673812866210938e+01 2.990750885009765625e+01 2.142149543762207031e+01
3.359999895095825195e+00 6.264741420745849609e+00 4.000246810913085938e+01 3.163906288146972656e+01 2.004916000366210938e+01 3.178322029113769531e+01 2.993191719055175781e+01 4.211733245849609375e+01 2.990753364562988281e+01 2.145516395568847656e+01
3.444000005722045898e+00 6.389221191406250000e+00 4.000160217285156250e+01 3.168111610412597656e+01 2.005006599426269531e+01 3.182523727416992188e+01 2.993191909790039062e+01 4.216793823242187500e+01 2.990755653381347656e+01 2.148882293701171875e+01
3.528000116348266602e+00 6.512425422668457031e+00 4.000074005126953125e+01 3.172316932678222656e+01 2.005096817016601562e+01 3.186725425720214844e+01 2.993191909790039062e+01 4.221855545043945312e+01 2.990757942199707031e+01 2.152246856689453125e+01
3.611999988555908203e+00 6.634370803833007812e+00 3.999988174438476562e+01 3.176522064208984375e+01 2.005186843872070312e+01 3.190927314758300781e+01 2.993192100524902344e+01 4.226918792724609375e+01 2.990760421752929688e+01 2.155610466003417969e+01
3.696000099182128906e+00 6.755074024200439453e+00 3.999902343750000000e+01 3.180727195739746094e+01 2.005276679992675781e+01 3.195129203796386719e+01 2.993192100524902344e+01 4.231983184814453125e+01 2.990762710571289062e+01 2.158972930908203125e+01
3.779999971389770508e+00 6.874552249908447266e+00 3.999816894531250000e+01 3.184932136535644531e+01 2.005366325378417969e+01 3.199331283569335938e+01 2.993192291259765625e+01 4.237048721313476562e+01 2.990765190124511719e+01 2.162334251403808594e+01
3.864000082015991211e+00 6.992820739746093750e+00 3.999731445312500000e+01 3.189137077331542969e+01 2.005455780029296875e+01 3.203533554077148438e+01 2.993192481994628906e+01 4.242115402221679688e+01 2.990767478942871094e+01 2.165694618225097656e+01
3.947999954223632812e+00 7.109895706176757812e+00 3.999646377563476562e+01 3.193342018127441406e+01 2.005544853210449219e+01 3.207735824584960938e+01 2.993192672729492188e+01 4.247183609008789062e+01 2.990769767761230469e+01 2.169053840637207031e+01
4.032000064849853516e+00 7.225792407989501953e+00 3.999561309814453125e+01 3.197546768188476562e+01 2.005633926391601562e+01 3.211938095092773438e+01 2.993193054199218750e+01 4.252252960205078125e+01 2.990772247314453125e+01 2.172411918640136719e+01
4.116000175476074219e+00 7.340527057647705078e+00 3.999476623535156250e+01 3.201751327514648438e+01 2.005722618103027344e+01 3.216140365600585938e+01 2.993193244934082031e+01 4.257323455810546875e+01 2.990774536132812500e+01 2.175768852233886719e+01
4.199999809265136719e+00 7.454113960266113281e+00 3.999392318725585938e+01 3.205955886840820312e+01 2.005811119079589844e+01 3.220343017578125000e+01 2.993193435668945312e+01 4.262395095825195312e+01 2.990777015686035156e+01 2.179124832153320312e+01
