Length: 70.0
Width: 65.0
Thickness: 0.2
Parameters: [(u'sphylinder_projection', (5.0, 5.0, 0.0, 6.2000000000000002, 1.0, 0.90000000000000002), u'Hard'), (u'sphylinder_projection', (15.0, 5.0, 90.0, 6.2000000000000002, 1.0, 0.90000000000000002), u'Hard'), (u'sphylinder_projection', (15.0, 15.0, 0.0, 6.2000000000000002, 1.0, 0.90000000000000002), u'Hard'), (u'sphylinder_projection', (5.0, 15.0, 90.0, 6.2000000000000002, 1.0, 0.90000000000000002), u'Hard')]
Displacement Force P3-x P3-y P2-x P2-y P4-x P4-y P1-x P1-y
0.000000000000000000e+00 -0.000000000000000000e+00 3.016117668151855469e+01 3.994712829589843750e+01 3.997312164306640625e+01 2.999766921997070312e+01 2.001282119750976562e+01 2.995942687988281250e+01 2.999315261840820312e+01 2.007804489135742188e+01
1.400000005960464478e-01 1.929133683443069458e-01 3.016119194030761719e+01 4.003520202636718750e+01 3.997021102905273438e+01 3.006733512878417969e+01 2.001577186584472656e+01 3.002966499328613281e+01 2.999307441711425781e+01 2.013008117675781250e+01
2.800000011920928955e-01 3.838075101375579834e-01 3.016120529174804688e+01 4.012327957153320312e+01 3.996730804443359375e+01 3.013699913024902344e+01 2.001871109008789062e+01 3.009990310668945312e+01 2.999299621582031250e+01 2.018211555480957031e+01
4.199999868869781494e-01 5.727069377899169922e-01 3.016121864318847656e+01 4.021136093139648438e+01 3.996442031860351562e+01 3.020666313171386719e+01 2.002163696289062500e+01 3.017014122009277344e+01 2.999291992187500000e+01 2.023414802551269531e+01
5.600000023841857910e-01 7.596384286880493164e-01 3.016123390197753906e+01 4.029944610595703125e+01 3.996154022216796875e+01 3.027632522583007812e+01 2.002455329895019531e+01 3.024038124084472656e+01 2.999284362792968750e+01 2.028617668151855469e+01
6.999999880790710449e-01 9.446274042129516602e-01 3.016124725341796875e+01 4.038753128051757812e+01 3.995867538452148438e+01 3.034598731994628906e+01 2.002745819091796875e+01 3.031062126159667969e+01 2.999276733398437500e+01 2.033820533752441406e+01
8.399999737739562988e-01 1.127698898315429688e+00 3.016125869750976562e+01 4.047562408447265625e+01 3.995581817626953125e+01 3.041564750671386719e+01 2.003035354614257812e+01 3.038086318969726562e+01 2.999269104003906250e+01 2.039023208618164062e+01
9.800000190734863281e-01 1.308877587318420410e+00 3.016127204895019531e+01 4.056371688842773438e+01 3.995297241210937500e+01 3.048530769348144531e+01 2.003323554992675781e+01 3.045110511779785156e+01 2.999261665344238281e+01 2.044225692749023438e+01
1.120000004768371582e+00 1.488187789916992188e+00 3.016128540039062500e+01 4.065181732177734375e+01 3.995013809204101562e+01 3.055496597290039062e+01 2.003610992431640625e+01 3.052134704589843750e+01 2.999254035949707031e+01 2.049427986145019531e+01
1.259999990463256836e+00 1.665653109550476074e+00 3.016129684448242188e+01 4.073991775512695312e+01 3.994731140136718750e+01 3.062462615966796875e+01 2.003897094726562500e+01 3.059159088134765625e+01 2.999246597290039062e+01 2.054630088806152344e+01
1.399999976158142090e+00 1.841297149658203125e+00 3.016130828857421875e+01 4.082802200317382812e+01 3.994449615478515625e+01 3.069428443908691406e+01 2.004182434082031250e+01 3.066183471679687500e+01 2.999239349365234375e+01 2.059831809997558594e+01
1.539999961853027344e+00 2.015142917633056641e+00 3.016131973266601562e+01 4.091613006591796875e+01 3.994169235229492188e+01 3.076394081115722656e+01 2.004466629028320312e+01 3.073207855224609375e+01 2.999231910705566406e+01 2.065033531188964844e+01
1.679999947547912598e+00 2.187213182449340820e+00 3.016133117675781250e+01 4.100424194335937500e+01 3.993889617919921875e+01 3.083359718322753906e+01 2.004749870300292969e+01 3.080232238769531250e+01 2.999224662780761719e+01 2.070235061645507812e+01
1.820000052452087402e+00 2.357530117034912109e+00 3.016134262084960938e+01 4.109235763549804688e+01 3.993611145019531250e+01 3.090325355529785156e+01 2.005032157897949219e+01 3.087256813049316406e+01 2.999217414855957031e+01 2.075436401367187500e+01
1.960000038146972656e+00 2.526115894317626953e+00 3.016135406494140625e+01 4.118047332763671875e+01 3.993333816528320312e+01 3.097290992736816406e+01 2.005313491821289062e+01 3.094281387329101562e+01 2.999210357666015625e+01 2.080637550354003906e+01
2.099999904632568359e+00 2.692991733551025391e+00 3.016136360168457031e+01 4.126859664916992188e+01 3.993056869506835938e+01 3.104256439208984375e+01 2.005593872070312500e+01 3.101305961608886719e+01 2.999203109741210938e+01 2.085838508605957031e+01
2.240000009536743164e+00 2.858179330825805664e+00 3.016137504577636719e+01 4.135671997070312500e+01 3.992781448364257812e+01 3.111222076416015625e+01 2.005873298645019531e+01 3.108330535888671875e+01 2.999196052551269531e+01 2.091039276123046875e+01
2.380000114440917969e+00 3.021699428558349609e+00 3.016138458251953125e+01 4.144484710693359375e+01 3.992506408691406250e+01 3.118187522888183594e+01 2.006151962280273438e+01 3.115355110168457031e+01 2.999188995361328125e+01 2.096239662170410156e+01
2.519999980926513672e+00 3.183572769165039062e+00 3.016139411926269531e+01 4.153297805786132812e+01 3.992232513427734375e+01 3.125152969360351562e+01 2.006429672241210938e+01 3.122379875183105469e+01 2.999181938171386719e+01 2.101440048217773438e+01
2.660000085830688477e+00 3.343819141387939453e+00 3.016140365600585938e+01 4.162111282348632812e+01 3.991959381103515625e+01 3.132118225097656250e+01 2.006706428527832031e+01 3.129404640197753906e+01 2.999175071716308594e+01 2.106640243530273438e+01
2.799999952316284180e+00 3.502458810806274414e+00 3.016141319274902344e+01 4.170924758911132812e+01 3.991687393188476562e+01 3.139083671569824219e+01 2.006982231140136719e+01 3.136429214477539062e+01 2.999168205261230469e+01 2.111840248107910156e+01
2.940000057220458984e+00 3.659511566162109375e+00 3.016142272949218750e+01 4.179738998413085938e+01 3.991416168212890625e+01 3.146048927307128906e+01 2.007257270812988281e+01 3.143453979492187500e+01 2.999161338806152344e+01 2.117040061950683594e+01
3.079999923706054688e+00 3.814996242523193359e+00 3.016143226623535156e+01 4.188553237915039062e+01 3.991145324707031250e+01 3.153014183044433594e+01 2.007531547546386719e+01 3.150478744506835938e+01 2.999154472351074219e+01 2.122239685058593750e+01
3.220000028610229492e+00 3.968932151794433594e+00 3.016143989562988281e+01 4.197367858886718750e+01 3.990876007080078125e+01 3.159979438781738281e+01 2.007804870605468750e+01 3.157503509521484375e+01 2.999147605895996094e+01 2.127439117431640625e+01
3.359999895095825195e+00 4.121337890625000000e+00 3.016144943237304688e+01 4.206182861328125000e+01 3.990607070922851562e+01 3.166944694519042969e+01 2.008077430725097656e+01 3.164528274536132812e+01 2.999140930175781250e+01 2.132638359069824219e+01
3.500000000000000000e+00 4.272231578826904297e+00 3.016145706176757812e+01 4.214998245239257812e+01 3.990338897705078125e+01 3.173909950256347656e+01 2.008349037170410156e+01 3.171553039550781250e+01 2.999134254455566406e+01 2.137837409973144531e+01
