Length: 70.0
Width: 65.0
Thickness: 0.2
Parameters: [(u'sphylinder_projection', (5.0, 5.0, 0.0, 1.3999999999999999, 1.8, 0.90000000000000002), u'Hard'), (u'sphylinder_projection', (15.0, 5.0, 90.0, 1.3999999999999999, 1.8, 0.90000000000000002), u'Hard'), (u'sphylinder_projection', (15.0, 15.0, 0.0, 1.3999999999999999, 1.8, 0.90000000000000002), u'Hard'), (u'sphylinder_projection', (5.0, 15.0, 90.0, 1.3999999999999999, 1.8, 0.90000000000000002), u'Hard')]
Displacement Force P2-x P2-y P4-x P4-y P3-x P3-y P1-x P1-y
0.000000000000000000e+00 -0.000000000000000000e+00 3.998268508911132812e+01 2.987191581726074219e+01 2.004829406738281250e+01 3.001613807678222656e+01 2.994207191467285156e+01 4.014466857910156250e+01 2.995783615112304688e+01 2.000934982299804688e+01
1.400000005960464478e-01 1.219048723578453064e-01 3.997593307495117188e+01 2.994167709350585938e+01 2.005503082275390625e+01 3.008615684509277344e+01 2.994209671020507812e+01 4.023581314086914062e+01 2.995785140991210938e+01 2.005850791931152344e+01
2.800000011920928955e-01 2.429974228143692017e-01 3.996920394897460938e+01 3.001143836975097656e+01 2.006174468994140625e+01 3.015617752075195312e+01 2.994212150573730469e+01 4.032695770263671875e+01 2.995786476135253906e+01 2.010766601562500000e+01
4.199999868869781494e-01 3.632838428020477295e-01 3.996249771118164062e+01 3.008119964599609375e+01 2.006843566894531250e+01 3.022619628906250000e+01 2.994214630126953125e+01 4.041810226440429688e+01 2.995788002014160156e+01 2.015682601928710938e+01
5.600000023841857910e-01 4.827705323696136475e-01 3.995581436157226562e+01 3.015096092224121094e+01 2.007510375976562500e+01 3.029621505737304688e+01 2.994217109680175781e+01 4.050924682617187500e+01 2.995789337158203125e+01 2.020598411560058594e+01
6.999999880790710449e-01 6.014636754989624023e-01 3.994915390014648438e+01 3.022072219848632812e+01 2.008174896240234375e+01 3.036623573303222656e+01 2.994219589233398438e+01 4.060039138793945312e+01 2.995790863037109375e+01 2.025514411926269531e+01
8.399999737739562988e-01 7.193694710731506348e-01 3.994251632690429688e+01 3.029048347473144531e+01 2.008836936950683594e+01 3.043625450134277344e+01 2.994222068786621094e+01 4.069153976440429688e+01 2.995792198181152344e+01 2.030430221557617188e+01
9.800000190734863281e-01 8.364940285682678223e-01 3.993590545654296875e+01 3.036024284362792969e+01 2.009496879577636719e+01 3.050627326965332031e+01 2.994224357604980469e+01 4.078268432617187500e+01 2.995793724060058594e+01 2.035346221923828125e+01
1.120000004768371582e+00 9.528433680534362793e-01 3.992930984497070312e+01 3.043000411987304688e+01 2.010154724121093750e+01 3.057629394531250000e+01 2.994226837158203125e+01 4.087382888793945312e+01 2.995795059204101562e+01 2.040262222290039062e+01
1.259999990463256836e+00 1.068423509597778320e+00 3.992274093627929688e+01 3.049976348876953125e+01 2.010810089111328125e+01 3.064631271362304688e+01 2.994229316711425781e+01 4.096497344970703125e+01 2.995796585083007812e+01 2.045178222656250000e+01
1.399999976158142090e+00 1.183240413665771484e+00 3.991619491577148438e+01 3.056952285766601562e+01 2.011463546752929688e+01 3.071633148193359375e+01 2.994231796264648438e+01 4.105611801147460938e+01 2.995797920227050781e+01 2.050094223022460938e+01
1.539999961853027344e+00 1.297299981117248535e+00 3.990966796875000000e+01 3.063928413391113281e+01 2.012114524841308594e+01 3.078635215759277344e+01 2.994234275817871094e+01 4.114726638793945312e+01 2.995799446105957031e+01 2.055010414123535156e+01
1.679999947547912598e+00 1.410608053207397461e+00 3.990316390991210938e+01 3.070904350280761719e+01 2.012763595581054688e+01 3.085637092590332031e+01 2.994236755371093750e+01 4.123841094970703125e+01 2.995800971984863281e+01 2.059926414489746094e+01
1.820000052452087402e+00 1.523170471191406250e+00 3.989667892456054688e+01 3.077880287170410156e+01 2.013410377502441406e+01 3.092639160156250000e+01 2.994239234924316406e+01 4.132955551147460938e+01 2.995802307128906250e+01 2.064842414855957031e+01
1.960000038146972656e+00 1.634992718696594238e+00 3.989021682739257812e+01 3.084856033325195312e+01 2.014055061340332031e+01 3.099641036987304688e+01 2.994241714477539062e+01 4.142070388793945312e+01 2.995803833007812500e+01 2.069758605957031250e+01
2.099999904632568359e+00 1.746080756187438965e+00 3.988377761840820312e+01 3.091831970214843750e+01 2.014697647094726562e+01 3.106643104553222656e+01 2.994244194030761719e+01 4.151184844970703125e+01 2.995805168151855469e+01 2.074674606323242188e+01
2.240000009536743164e+00 1.856440186500549316e+00 3.987735748291015625e+01 3.098807907104492188e+01 2.015338134765625000e+01 3.113644981384277344e+01 2.994246673583984375e+01 4.160299682617187500e+01 2.995806694030761719e+01 2.079590797424316406e+01
2.380000114440917969e+00 1.966076374053955078e+00 3.987095642089843750e+01 3.105783653259277344e+01 2.015976524353027344e+01 3.120647048950195312e+01 2.994249153137207031e+01 4.169414138793945312e+01 2.995808029174804688e+01 2.084506797790527344e+01
2.519999980926513672e+00 2.074995040893554688e+00 3.986457824707031250e+01 3.112759590148925781e+01 2.016613006591796875e+01 3.127648925781250000e+01 2.994251441955566406e+01 4.178528976440429688e+01 2.995809555053710938e+01 2.089422988891601562e+01
2.660000085830688477e+00 2.183201789855957031e+00 3.985821914672851562e+01 3.119735336303710938e+01 2.017247390747070312e+01 3.134650993347167969e+01 2.994253921508789062e+01 4.187643814086914062e+01 2.995811080932617188e+01 2.094338989257812500e+01
2.799999952316284180e+00 2.290701627731323242e+00 3.985188293457031250e+01 3.126711082458496094e+01 2.017879676818847656e+01 3.141653060913085938e+01 2.994256401062011719e+01 4.196758651733398438e+01 2.995812416076660156e+01 2.099255180358886719e+01
2.940000057220458984e+00 2.397500276565551758e+00 3.984556579589843750e+01 3.133686828613281250e+01 2.018509864807128906e+01 3.148654937744140625e+01 2.994258880615234375e+01 4.205873489379882812e+01 2.995813941955566406e+01 2.104171180725097656e+01
3.079999923706054688e+00 2.503602981567382812e+00 3.983926773071289062e+01 3.140662574768066406e+01 2.019138145446777344e+01 3.155657005310058594e+01 2.994261360168457031e+01 4.214988327026367188e+01 2.995815277099609375e+01 2.109087181091308594e+01
3.220000028610229492e+00 2.609015226364135742e+00 3.983298873901367188e+01 3.147638320922851562e+01 2.019764518737792969e+01 3.162659072875976562e+01 2.994263839721679688e+01 4.224103164672851562e+01 2.995816802978515625e+01 2.114003372192382812e+01
3.359999895095825195e+00 2.713741779327392578e+00 3.982673263549804688e+01 3.154614067077636719e+01 2.020388984680175781e+01 3.169660949707031250e+01 2.994266319274902344e+01 4.233218002319335938e+01 2.995818328857421875e+01 2.118919372558593750e+01
3.500000000000000000e+00 2.817788362503051758e+00 3.982049179077148438e+01 3.161589622497558594e+01 2.021011352539062500e+01 3.176663017272949219e+01 2.994268798828125000e+01 4.242332839965820312e+01 2.995819664001464844e+01 2.123835563659667969e+01
