Length: 70.0
Width: 65.0
Thickness: 0.2
Parameters: [(u'sphylinder_projection', (5.0, 5.0, 0.0, 1.8, 7.0, 0.90000000000000002), u'Hard'), (u'sphylinder_projection', (15.0, 5.0, 90.0, 1.8, 7.0, 0.90000000000000002), u'Hard'), (u'sphylinder_projection', (15.0, 15.0, 0.0, 1.8, 7.0, 0.90000000000000002), u'Hard'), (u'sphylinder_projection', (5.0, 15.0, 90.0, 1.8, 7.0, 0.90000000000000002), u'Hard')]
Displacement Force P3-x P3-y P1-x P1-y P4-x P4-y P2-x P2-y
0.000000000000000000e+00 -0.000000000000000000e+00 2.997003173828125000e+01 3.989872741699218750e+01 2.990044021606445312e+01 1.999188232421875000e+01 1.998306655883789062e+01 3.003607749938964844e+01 4.012429428100585938e+01 2.988265609741210938e+01
1.400000005960464478e-01 3.126914501190185547e-01 2.996988296508789062e+01 3.998304367065429688e+01 2.990052413940429688e+01 2.004737854003906250e+01 1.998416328430175781e+01 3.010558128356933594e+01 4.012310028076171875e+01 2.995291328430175781e+01
2.800000011920928955e-01 6.193674802780151367e-01 2.996973609924316406e+01 4.006738281250000000e+01 2.990060806274414062e+01 2.010285568237304688e+01 1.998525619506835938e+01 3.017508316040039062e+01 4.012191390991210938e+01 3.002317047119140625e+01
4.199999868869781494e-01 9.201740026473999023e-01 2.996958923339843750e+01 4.015174484252929688e+01 2.990069007873535156e+01 2.015830993652343750e+01 1.998634529113769531e+01 3.024458694458007812e+01 4.012072753906250000e+01 3.009342575073242188e+01
5.600000023841857910e-01 1.215272784233093262e+00 2.996944427490234375e+01 4.023612594604492188e+01 2.990077209472656250e+01 2.021374511718750000e+01 1.998743057250976562e+01 3.031408691406250000e+01 4.011954498291015625e+01 3.016367912292480469e+01
6.999999880790710449e-01 1.504813671112060547e+00 2.996929931640625000e+01 4.032052993774414062e+01 2.990085220336914062e+01 2.026916122436523438e+01 1.998851394653320312e+01 3.038358879089355469e+01 4.011836624145507812e+01 3.023393249511718750e+01
8.399999737739562988e-01 1.788940906524658203e+00 2.996915626525878906e+01 4.040495681762695312e+01 2.990093040466308594e+01 2.032455635070800781e+01 1.998959159851074219e+01 3.045309066772460938e+01 4.011719131469726562e+01 3.030418586730957031e+01
9.800000190734863281e-01 2.067793846130371094e+00 2.996901512145996094e+01 4.048940658569335938e+01 2.990100860595703125e+01 2.037993049621582031e+01 1.999066734313964844e+01 3.052259063720703125e+01 4.011602020263671875e+01 3.037443542480468750e+01
1.120000004768371582e+00 2.341507434844970703e+00 2.996887397766113281e+01 4.057387542724609375e+01 2.990108489990234375e+01 2.043528556823730469e+01 1.999173927307128906e+01 3.059209251403808594e+01 4.011485290527343750e+01 3.044468307495117188e+01
1.259999990463256836e+00 2.610211849212646484e+00 2.996873474121093750e+01 4.065836334228515625e+01 2.990115928649902344e+01 2.049062156677246094e+01 1.999280738830566406e+01 3.066159439086914062e+01 4.011368560791015625e+01 3.051492881774902344e+01
1.399999976158142090e+00 2.874032735824584961e+00 2.996859550476074219e+01 4.074287414550781250e+01 2.990123367309570312e+01 2.054593658447265625e+01 1.999387359619140625e+01 3.073109817504882812e+01 4.011252212524414062e+01 3.058517456054687500e+01
1.539999961853027344e+00 3.133091926574707031e+00 2.996845817565917969e+01 4.082740783691406250e+01 2.990130615234375000e+01 2.060123443603515625e+01 1.999493598937988281e+01 3.080060195922851562e+01 4.011136245727539062e+01 3.065541458129882812e+01
1.679999947547912598e+00 3.387506961822509766e+00 2.996832084655761719e+01 4.091196060180664062e+01 2.990137863159179688e+01 2.065651321411132812e+01 1.999599456787109375e+01 3.087010574340820312e+01 4.011020660400390625e+01 3.072565460205078125e+01
1.820000052452087402e+00 3.637391805648803711e+00 2.996818542480468750e+01 4.099653244018554688e+01 2.990144920349121094e+01 2.071177101135253906e+01 1.999705123901367188e+01 3.093961143493652344e+01 4.010905075073242188e+01 3.079589080810546875e+01
1.960000038146972656e+00 3.882856369018554688e+00 2.996805000305175781e+01 4.108112335205078125e+01 2.990151977539062500e+01 2.076701164245605469e+01 1.999810409545898438e+01 3.100911903381347656e+01 4.010790252685546875e+01 3.086612510681152344e+01
2.099999904632568359e+00 4.124007701873779297e+00 2.996791648864746094e+01 4.116573715209960938e+01 2.990158843994140625e+01 2.082223320007324219e+01 1.999915504455566406e+01 3.107862854003906250e+01 4.010675048828125000e+01 3.093635559082031250e+01
2.240000009536743164e+00 4.360948085784912109e+00 2.996778297424316406e+01 4.125037002563476562e+01 2.990165710449218750e+01 2.087743759155273438e+01 2.000020408630371094e+01 3.114813804626464844e+01 4.010560607910156250e+01 3.100658226013183594e+01
2.380000114440917969e+00 4.593778610229492188e+00 2.996765136718750000e+01 4.133502197265625000e+01 2.990172386169433594e+01 2.093262290954589844e+01 2.000124931335449219e+01 3.121764945983886719e+01 4.010446166992187500e+01 3.107680702209472656e+01
2.519999980926513672e+00 4.822594642639160156e+00 2.996751976013183594e+01 4.141969299316406250e+01 2.990179061889648438e+01 2.098778915405273438e+01 2.000229072570800781e+01 3.128716468811035156e+01 4.010332107543945312e+01 3.114702796936035156e+01
2.660000085830688477e+00 5.047490596771240234e+00 2.996739006042480469e+01 4.150438308715820312e+01 2.990185546875000000e+01 2.104294013977050781e+01 2.000333023071289062e+01 3.135667991638183594e+01 4.010218429565429688e+01 3.121724510192871094e+01
2.799999952316284180e+00 5.268557071685791016e+00 2.996726226806640625e+01 4.158909606933593750e+01 2.990192031860351562e+01 2.109807205200195312e+01 2.000436782836914062e+01 3.142619895935058594e+01 4.010104751586914062e+01 3.128745841979980469e+01
2.940000057220458984e+00 5.485882282257080078e+00 2.996713256835937500e+01 4.167382431030273438e+01 2.990198326110839844e+01 2.115318489074707031e+01 2.000540161132812500e+01 3.149571800231933594e+01 4.009991455078125000e+01 3.135766792297363281e+01
3.079999923706054688e+00 5.699551105499267578e+00 2.996700668334960938e+01 4.175857162475585938e+01 2.990204429626464844e+01 2.120828247070312500e+01 2.000643348693847656e+01 3.156524085998535156e+01 4.009878540039062500e+01 3.142787361145019531e+01
3.220000028610229492e+00 5.909646034240722656e+00 2.996688079833984375e+01 4.184333801269531250e+01 2.990210533142089844e+01 2.126336288452148438e+01 2.000746345520019531e+01 3.163476753234863281e+01 4.009765625000000000e+01 3.149807739257812500e+01
3.359999895095825195e+00 6.116247653961181641e+00 2.996675491333007812e+01 4.192811965942382812e+01 2.990216636657714844e+01 2.131842422485351562e+01 2.000848960876464844e+01 3.170429420471191406e+01 4.009653091430664062e+01 3.156827545166015625e+01
3.500000000000000000e+00 6.319433212280273438e+00 2.996663093566894531e+01 4.201292419433593750e+01 2.990222549438476562e+01 2.137347030639648438e+01 2.000951385498046875e+01 3.177382659912109375e+01 4.009540939331054688e+01 3.163846969604492188e+01
