Length: 70.0
Width: 65.0
Thickness: 0.2
Parameters: [(u'sphylinder_projection', (5.0, 5.0, 0.0, 2.6000000000000001, 3.8000000000000003, 0.90000000000000002), u'Hard'), (u'sphylinder_projection', (15.0, 5.0, 90.0, 2.6000000000000001, 3.8000000000000003, 0.90000000000000002), u'Hard'), (u'sphylinder_projection', (15.0, 15.0, 0.0, 2.6000000000000001, 3.8000000000000003, 0.90000000000000002), u'Hard'), (u'sphylinder_projection', (5.0, 15.0, 90.0, 2.6000000000000001, 3.8000000000000003, 0.90000000000000002), u'Hard')]
Displacement Force P2-x P2-y P4-x P4-y P1-x P1-y P3-x P3-y
0.000000000000000000e+00 -0.000000000000000000e+00 3.988710784912109375e+01 2.996168136596679688e+01 1.996813583374023438e+01 2.997101974487304688e+01 2.991329002380371094e+01 2.001168441772460938e+01 2.991411972045898438e+01 3.992493438720703125e+01
1.400000005960464478e-01 1.938824355602264404e-01 3.988288879394531250e+01 3.003168296813964844e+01 1.997225952148437500e+01 3.004089164733886719e+01 2.991325950622558594e+01 2.006370925903320312e+01 2.991404151916503906e+01 4.001278686523437500e+01
2.800000011920928955e-01 3.857258260250091553e-01 3.987869644165039062e+01 3.010168647766113281e+01 1.997636032104492188e+01 3.011076354980468750e+01 2.991323089599609375e+01 2.011573219299316406e+01 2.991396331787109375e+01 4.010064315795898438e+01
4.199999868869781494e-01 5.755553245544433594e-01 3.987452316284179688e+01 3.017168998718261719e+01 1.998044204711914062e+01 3.018063545227050781e+01 2.991320228576660156e+01 2.016775321960449219e+01 2.991388511657714844e+01 4.018849945068359375e+01
5.600000023841857910e-01 7.633976340293884277e-01 3.987037277221679688e+01 3.024169158935546875e+01 1.998450088500976562e+01 3.025050735473632812e+01 2.991317367553710938e+01 2.021977424621582031e+01 2.991380882263183594e+01 4.027636337280273438e+01
6.999999880790710449e-01 9.492782354354858398e-01 3.986624526977539062e+01 3.031169509887695312e+01 1.998854064941406250e+01 3.032037925720214844e+01 2.991314506530761719e+01 2.027179145812988281e+01 2.991373252868652344e+01 4.036422348022460938e+01
8.399999737739562988e-01 1.133222460746765137e+00 3.986213684082031250e+01 3.038169860839843750e+01 1.999255752563476562e+01 3.039025115966796875e+01 2.991311645507812500e+01 2.032380676269531250e+01 2.991365814208984375e+01 4.045209121704101562e+01
9.800000190734863281e-01 1.315254926681518555e+00 3.985805130004882812e+01 3.045170211791992188e+01 1.999655723571777344e+01 3.046012496948242188e+01 2.991308975219726562e+01 2.037582015991210938e+01 2.991358566284179688e+01 4.053995895385742188e+01
1.120000004768371582e+00 1.495400071144104004e+00 3.985398864746093750e+01 3.052170753479003906e+01 2.000053405761718750e+01 3.052999687194824219e+01 2.991306304931640625e+01 2.042783164978027344e+01 2.991351127624511719e+01 4.062783050537109375e+01
1.259999990463256836e+00 1.673681974411010742e+00 3.984994506835937500e+01 3.059171104431152344e+01 2.000449180603027344e+01 3.059986877441406250e+01 2.991303634643554688e+01 2.047984123229980469e+01 2.991343879699707031e+01 4.071570587158203125e+01
1.399999976158142090e+00 1.850124120712280273e+00 3.984592056274414062e+01 3.066171646118164062e+01 2.000843048095703125e+01 3.066974258422851562e+01 2.991300964355468750e+01 2.053184890747070312e+01 2.991336822509765625e+01 4.080358123779296875e+01
1.539999961853027344e+00 2.024749755859375000e+00 3.984191894531250000e+01 3.073171997070312500e+01 2.001235008239746094e+01 3.073961639404296875e+01 2.991298484802246094e+01 2.058385276794433594e+01 2.991329765319824219e+01 4.089146041870117188e+01
1.679999947547912598e+00 2.197582006454467773e+00 3.983793640136718750e+01 3.080172538757324219e+01 2.001625061035156250e+01 3.080949020385742188e+01 2.991296005249023438e+01 2.063585662841796875e+01 2.991322708129882812e+01 4.097934341430664062e+01
1.820000052452087402e+00 2.368643045425415039e+00 3.983397293090820312e+01 3.087173080444335938e+01 2.002013206481933594e+01 3.087936210632324219e+01 2.991293525695800781e+01 2.068785858154296875e+01 2.991315841674804688e+01 4.106723022460937500e+01
1.960000038146972656e+00 2.537955045700073242e+00 3.983003234863281250e+01 3.094173622131347656e+01 2.002399444580078125e+01 3.094923591613769531e+01 2.991291046142578125e+01 2.073985862731933594e+01 2.991309165954589844e+01 4.115511703491210938e+01
2.099999904632568359e+00 2.705540180206298828e+00 3.982610702514648438e+01 3.101174163818359375e+01 2.002783775329589844e+01 3.101911163330078125e+01 2.991288566589355469e+01 2.079185485839843750e+01 2.991302299499511719e+01 4.124300765991210938e+01
2.240000009536743164e+00 2.871419429779052734e+00 3.982220458984375000e+01 3.108174705505371094e+01 2.003166389465332031e+01 3.108898544311523438e+01 2.991286277770996094e+01 2.084385108947753906e+01 2.991295814514160156e+01 4.133089828491210938e+01
2.380000114440917969e+00 3.035614252090454102e+00 3.981831741333007812e+01 3.115175247192382812e+01 2.003547096252441406e+01 3.115885925292968750e+01 2.991283798217773438e+01 2.089584541320800781e+01 2.991289138793945312e+01 4.141879653930664062e+01
2.519999980926513672e+00 3.198145627975463867e+00 3.981445312500000000e+01 3.122175979614257812e+01 2.003926086425781250e+01 3.122873306274414062e+01 2.991281509399414062e+01 2.094783592224121094e+01 2.991282653808593750e+01 4.150669097900390625e+01
2.660000085830688477e+00 3.359033584594726562e+00 3.981060791015625000e+01 3.129176521301269531e+01 2.004303169250488281e+01 3.129860877990722656e+01 2.991279220581054688e+01 2.099982643127441406e+01 2.991276359558105469e+01 4.159459304809570312e+01
2.799999952316284180e+00 3.518298625946044922e+00 3.980677795410156250e+01 3.136177062988281250e+01 2.004678535461425781e+01 3.136848258972167969e+01 2.991277122497558594e+01 2.105181312561035156e+01 2.991270065307617188e+01 4.168249511718750000e+01
2.940000057220458984e+00 3.675960540771484375e+00 3.980297088623046875e+01 3.143177795410156250e+01 2.005052185058593750e+01 3.143835830688476562e+01 2.991274833679199219e+01 2.110379791259765625e+01 2.991263771057128906e+01 4.177040100097656250e+01
3.079999923706054688e+00 3.832038879394531250e+00 3.979917907714843750e+01 3.150178527832031250e+01 2.005424118041992188e+01 3.150823402404785156e+01 2.991272735595703125e+01 2.115578269958496094e+01 2.991257667541503906e+01 4.185831069946289062e+01
3.220000028610229492e+00 3.986552953720092773e+00 3.979540634155273438e+01 3.157179069519042969e+01 2.005794334411621094e+01 3.157810974121093750e+01 2.991270637512207031e+01 2.120776367187500000e+01 2.991251564025878906e+01 4.194622039794921875e+01
3.359999895095825195e+00 4.139521598815917969e+00 3.979164886474609375e+01 3.164179801940917969e+01 2.006162834167480469e+01 3.164798545837402344e+01 2.991268539428710938e+01 2.125974273681640625e+01 2.991245651245117188e+01 4.203413391113281250e+01
3.500000000000000000e+00 4.290963649749755859e+00 3.978791046142578125e+01 3.171180534362792969e+01 2.006529617309570312e+01 3.171786117553710938e+01 2.991266441345214844e+01 2.131171989440917969e+01 2.991239738464355469e+01 4.212205123901367188e+01
