Length: 70.0
Width: 65.0
Thickness: 0.2
Parameters: [(u'sphylinder_projection', (5.0, 5.0, 0.0, 1.3999999999999999, 4.2000000000000002, 0.90000000000000002), u'Hard'), (u'sphylinder_projection', (15.0, 5.0, 90.0, 1.3999999999999999, 4.2000000000000002, 0.90000000000000002), u'Hard'), (u'sphylinder_projection', (15.0, 15.0, 0.0, 1.3999999999999999, 4.2000000000000002, 0.90000000000000002), u'Hard'), (u'sphylinder_projection', (5.0, 15.0, 90.0, 1.3999999999999999, 4.2000000000000002, 0.90000000000000002), u'Hard')]
Displacement Force P1-x P1-y P4-x P4-y P3-x P3-y P2-x P2-y
0.000000000000000000e+00 -0.000000000000000000e+00 3.006247138977050781e+01 2.004275703430175781e+01 2.006532096862792969e+01 3.008654975891113281e+01 2.991515541076660156e+01 3.990591430664062500e+01 4.003097915649414062e+01 2.990722465515136719e+01
1.400000005960464478e-01 1.590070426464080811e-01 3.006250000000000000e+01 2.009353828430175781e+01 2.007026481628417969e+01 3.015657424926757812e+01 2.991510009765625000e+01 3.999504089355468750e+01 4.002603149414062500e+01 2.997718238830566406e+01
2.800000011920928955e-01 3.166551887989044189e-01 3.006253051757812500e+01 2.014431762695312500e+01 2.007518577575683594e+01 3.022659683227539062e+01 2.991504478454589844e+01 4.008416748046875000e+01 4.002110290527343750e+01 3.004713821411132812e+01
4.199999868869781494e-01 4.729576706886291504e-01 3.006255912780761719e+01 2.019509506225585938e+01 2.008008766174316406e+01 3.029661941528320312e+01 2.991498947143554688e+01 4.017329406738281250e+01 4.001619338989257812e+01 3.011709403991699219e+01
5.600000023841857910e-01 6.279285550117492676e-01 3.006258773803710938e+01 2.024587249755859375e+01 2.008496856689453125e+01 3.036664199829101562e+01 2.991493606567382812e+01 4.026242446899414062e+01 4.001130676269531250e+01 3.018704986572265625e+01
6.999999880790710449e-01 7.815814614295959473e-01 3.006261444091796875e+01 2.029664802551269531e+01 2.008982849121093750e+01 3.043666648864746094e+01 2.991488265991210938e+01 4.035155487060546875e+01 4.000643920898437500e+01 3.025700569152832031e+01
8.399999737739562988e-01 9.339298009872436523e-01 3.006264305114746094e+01 2.034742355346679688e+01 2.009466934204101562e+01 3.050668907165527344e+01 2.991482925415039062e+01 4.044068527221679688e+01 4.000159454345703125e+01 3.032695960998535156e+01
9.800000190734863281e-01 1.084986805915832520e+00 3.006266975402832031e+01 2.039819717407226562e+01 2.009948921203613281e+01 3.057671165466308594e+01 2.991477584838867188e+01 4.052981948852539062e+01 3.999676895141601562e+01 3.039691352844238281e+01
1.120000004768371582e+00 1.234765529632568359e+00 3.006269645690917969e+01 2.044896888732910156e+01 2.010428810119628906e+01 3.064673423767089844e+01 2.991472434997558594e+01 4.061895370483398438e+01 3.999196243286132812e+01 3.046686744689941406e+01
1.259999990463256836e+00 1.383278965950012207e+00 3.006272315979003906e+01 2.049974060058593750e+01 2.010906982421875000e+01 3.071675682067871094e+01 2.991467285156250000e+01 4.070808792114257812e+01 3.998717498779296875e+01 3.053681945800781250e+01
1.399999976158142090e+00 1.530539870262145996e+00 3.006274795532226562e+01 2.055051231384277344e+01 2.011383056640625000e+01 3.078677940368652344e+01 2.991462326049804688e+01 4.079722595214843750e+01 3.998240661621093750e+01 3.060677146911621094e+01
1.539999961853027344e+00 1.676560759544372559e+00 3.006277465820312500e+01 2.060128021240234375e+01 2.011857223510742188e+01 3.085680007934570312e+01 2.991457176208496094e+01 4.088636398315429688e+01 3.997765731811523438e+01 3.067672348022460938e+01
1.679999947547912598e+00 1.821354150772094727e+00 3.006279945373535156e+01 2.065204811096191406e+01 2.012329673767089844e+01 3.092682266235351562e+01 2.991452217102050781e+01 4.097550201416015625e+01 3.997292709350585938e+01 3.074667358398437500e+01
1.820000052452087402e+00 1.964932322502136230e+00 3.006282424926757812e+01 2.070281410217285156e+01 2.012800025939941406e+01 3.099684524536132812e+01 2.991447257995605469e+01 4.106464385986328125e+01 3.996821594238281250e+01 3.081662559509277344e+01
1.960000038146972656e+00 2.107307434082031250e+00 3.006284713745117188e+01 2.075358009338378906e+01 2.013268661499023438e+01 3.106686782836914062e+01 2.991442489624023438e+01 4.115378570556640625e+01 3.996352005004882812e+01 3.088657379150390625e+01
2.099999904632568359e+00 2.248491525650024414e+00 3.006287193298339844e+01 2.080434417724609375e+01 2.013735389709472656e+01 3.113688850402832031e+01 2.991437721252441406e+01 4.124292755126953125e+01 3.995884704589843750e+01 3.095652389526367188e+01
2.240000009536743164e+00 2.388496398925781250e+00 3.006289482116699219e+01 2.085510635375976562e+01 2.014200401306152344e+01 3.120691108703613281e+01 2.991432952880859375e+01 4.133206939697265625e+01 3.995418930053710938e+01 3.102647209167480469e+01
2.380000114440917969e+00 2.527333974838256836e+00 3.006291961669921875e+01 2.090586853027343750e+01 2.014663505554199219e+01 3.127693367004394531e+01 2.991428184509277344e+01 4.142121505737304688e+01 3.994955062866210938e+01 3.109642028808593750e+01
2.519999980926513672e+00 2.665015459060668945e+00 3.006294059753417969e+01 2.095662879943847656e+01 2.015124893188476562e+01 3.134695434570312500e+01 2.991423606872558594e+01 4.151036453247070312e+01 3.994493103027343750e+01 3.116636848449707031e+01
2.660000085830688477e+00 2.801552534103393555e+00 3.006296348571777344e+01 2.100738716125488281e+01 2.015584564208984375e+01 3.141697692871093750e+01 2.991419029235839844e+01 4.159951019287109375e+01 3.994032669067382812e+01 3.123631477355957031e+01
2.799999952316284180e+00 2.936956405639648438e+00 3.006298637390136719e+01 2.105814552307128906e+01 2.016042518615722656e+01 3.148699951171875000e+01 2.991414451599121094e+01 4.168865966796875000e+01 3.993573760986328125e+01 3.130626296997070312e+01
2.940000057220458984e+00 3.071238040924072266e+00 3.006300735473632812e+01 2.110890197753906250e+01 2.016498565673828125e+01 3.155702018737792969e+01 2.991410064697265625e+01 4.177781295776367188e+01 3.993117141723632812e+01 3.137620735168457031e+01
3.079999923706054688e+00 3.204408884048461914e+00 3.006302833557128906e+01 2.115965652465820312e+01 2.016953086853027344e+01 3.162704277038574219e+01 2.991405677795410156e+01 4.186696243286132812e+01 3.992661666870117188e+01 3.144615364074707031e+01
3.220000028610229492e+00 3.336479663848876953e+00 3.006304931640625000e+01 2.121041107177734375e+01 2.017405891418457031e+01 3.169706535339355469e+01 2.991401290893554688e+01 4.195611572265625000e+01 3.992208099365234375e+01 3.151609802246093750e+01
3.359999895095825195e+00 3.467461109161376953e+00 3.006307029724121094e+01 2.126116371154785156e+01 2.017856979370117188e+01 3.176708602905273438e+01 2.991397094726562500e+01 4.204527282714843750e+01 3.991756439208984375e+01 3.158604240417480469e+01
3.500000000000000000e+00 3.597363710403442383e+00 3.006308937072753906e+01 2.131191444396972656e+01 2.018306350708007812e+01 3.183710861206054688e+01 2.991392707824707031e+01 4.213442611694335938e+01 3.991305923461914062e+01 3.165598487854003906e+01
