Length: 70.0
Width: 65.0
Thickness: 0.2
Parameters: [(u'sphylinder_projection', (5.0, 5.0, 0.0, 1.0, 4.5999999999999996, 0.90000000000000002), u'Hard'), (u'sphylinder_projection', (15.0, 5.0, 90.0, 1.0, 4.5999999999999996, 0.90000000000000002), u'Hard'), (u'sphylinder_projection', (15.0, 15.0, 0.0, 1.0, 4.5999999999999996, 0.90000000000000002), u'Hard'), (u'sphylinder_projection', (5.0, 15.0, 90.0, 1.0, 4.5999999999999996, 0.90000000000000002), u'Hard')]
Displacement Force P4-x P4-y P3-x P3-y P2-x P2-y P1-x P1-y
0.000000000000000000e+00 -0.000000000000000000e+00 2.000219917297363281e+01 3.003146171569824219e+01 2.988262367248535156e+01 4.005780410766601562e+01 3.993830490112304688e+01 2.988198471069335938e+01 2.986246299743652344e+01 1.991415596008300781e+01
1.400000005960464478e-01 1.540232300758361816e-01 2.000699043273925781e+01 3.010136032104492188e+01 2.988266372680664062e+01 4.014738845825195312e+01 3.993347549438476562e+01 2.995193099975585938e+01 2.986243820190429688e+01 1.996456146240234375e+01
2.800000011920928955e-01 3.067785501480102539e-01 2.001176071166992188e+01 3.017126083374023438e+01 2.988270568847656250e+01 4.023697280883789062e+01 3.992866134643554688e+01 3.002187728881835938e+01 2.986241340637207031e+01 2.001496696472167969e+01
4.199999868869781494e-01 4.582776725292205811e-01 2.001651382446289062e+01 3.024115943908691406e+01 2.988274765014648438e+01 4.032656097412109375e+01 3.992387008666992188e+01 3.009182548522949219e+01 2.986238670349121094e+01 2.006537437438964844e+01
5.600000023841857910e-01 6.085331439971923828e-01 2.002124786376953125e+01 3.031105995178222656e+01 2.988278770446777344e+01 4.041614913940429688e+01 3.991909408569335938e+01 3.016177177429199219e+01 2.986236190795898438e+01 2.011577987670898438e+01
6.999999880790710449e-01 7.575569748878479004e-01 2.002596473693847656e+01 3.038095855712890625e+01 2.988282966613769531e+01 4.050573730468750000e+01 3.991434097290039062e+01 3.023171997070312500e+01 2.986233711242675781e+01 2.016618728637695312e+01
8.399999737739562988e-01 9.053611159324645996e-01 2.003066062927246094e+01 3.045085716247558594e+01 2.988287162780761719e+01 4.059532928466796875e+01 3.990960311889648438e+01 3.030166816711425781e+01 2.986231040954589844e+01 2.021659469604492188e+01
9.800000190734863281e-01 1.051957368850708008e+00 2.003534126281738281e+01 3.052075767517089844e+01 2.988291358947753906e+01 4.068492126464843750e+01 3.990488433837890625e+01 3.037161636352539062e+01 2.986228561401367188e+01 2.026700210571289062e+01
1.120000004768371582e+00 1.197357416152954102e+00 2.004000282287597656e+01 3.059065628051757812e+01 2.988295364379882812e+01 4.077451705932617188e+01 3.990018081665039062e+01 3.044156646728515625e+01 2.986226081848144531e+01 2.031741142272949219e+01
1.259999990463256836e+00 1.341572642326354980e+00 2.004464721679687500e+01 3.066055679321289062e+01 2.988299560546875000e+01 4.086410903930664062e+01 3.989550018310546875e+01 3.051151466369628906e+01 2.986223411560058594e+01 2.036781883239746094e+01
1.399999976158142090e+00 1.484614491462707520e+00 2.004927253723144531e+01 3.073045539855957031e+01 2.988303756713867188e+01 4.095370864868164062e+01 3.989083099365234375e+01 3.058146476745605469e+01 2.986220932006835938e+01 2.041822814941406250e+01
1.539999961853027344e+00 1.626494288444519043e+00 2.005388259887695312e+01 3.080035400390625000e+01 2.988308143615722656e+01 4.104330444335937500e+01 3.988618469238281250e+01 3.065141296386718750e+01 2.986218261718750000e+01 2.046863746643066406e+01
1.679999947547912598e+00 1.767223000526428223e+00 2.005847549438476562e+01 3.087025451660156250e+01 2.988312339782714844e+01 4.113290405273437500e+01 3.988155364990234375e+01 3.072136306762695312e+01 2.986215782165527344e+01 2.051904678344726562e+01
1.820000052452087402e+00 1.906811833381652832e+00 2.006305122375488281e+01 3.094015312194824219e+01 2.988316535949707031e+01 4.122250747680664062e+01 3.987693786621093750e+01 3.079131317138671875e+01 2.986213111877441406e+01 2.056945610046386719e+01
1.960000038146972656e+00 2.045271396636962891e+00 2.006760978698730469e+01 3.101005363464355469e+01 2.988320732116699219e+01 4.131211090087890625e+01 3.987234115600585938e+01 3.086126327514648438e+01 2.986210441589355469e+01 2.061986541748046875e+01
2.099999904632568359e+00 2.182612657546997070e+00 2.007215309143066406e+01 3.107995223999023438e+01 2.988324928283691406e+01 4.140171432495117188e+01 3.986775970458984375e+01 3.093121337890625000e+01 2.986207962036132812e+01 2.067027473449707031e+01
2.240000009536743164e+00 2.318846225738525391e+00 2.007667922973632812e+01 3.114985275268554688e+01 2.988329315185546875e+01 4.149131774902343750e+01 3.986319351196289062e+01 3.100116539001464844e+01 2.986205291748046875e+01 2.072068595886230469e+01
2.380000114440917969e+00 2.453982353210449219e+00 2.008119010925292969e+01 3.121975326538085938e+01 2.988333511352539062e+01 4.158092498779296875e+01 3.985864639282226562e+01 3.107111549377441406e+01 2.986202812194824219e+01 2.077109527587890625e+01
2.519999980926513672e+00 2.588031530380249023e+00 2.008568572998046875e+01 3.128965377807617188e+01 2.988337898254394531e+01 4.167053604125976562e+01 3.985411071777343750e+01 3.114106559753417969e+01 2.986200141906738281e+01 2.082150459289550781e+01
2.660000085830688477e+00 2.721004247665405273e+00 2.009016418457031250e+01 3.135955238342285156e+01 2.988342094421386719e+01 4.176014709472656250e+01 3.984959411621093750e+01 3.121101760864257812e+01 2.986197662353515625e+01 2.087191581726074219e+01
2.799999952316284180e+00 2.852910280227661133e+00 2.009462738037109375e+01 3.142945289611816406e+01 2.988346481323242188e+01 4.184975814819335938e+01 3.984509277343750000e+01 3.128096961975097656e+01 2.986194992065429688e+01 2.092232513427734375e+01
2.940000057220458984e+00 2.983759880065917969e+00 2.009907531738281250e+01 3.149935340881347656e+01 2.988350677490234375e+01 4.193937301635742188e+01 3.984061050415039062e+01 3.135091972351074219e+01 2.986192321777343750e+01 2.097273445129394531e+01
3.079999923706054688e+00 3.113563060760498047e+00 2.010350990295410156e+01 3.156925392150878906e+01 2.988355064392089844e+01 4.202898788452148438e+01 3.983613967895507812e+01 3.142087173461914062e+01 2.986189842224121094e+01 2.102314376831054688e+01
3.220000028610229492e+00 3.242329359054565430e+00 2.010792732238769531e+01 3.163915443420410156e+01 2.988359260559082031e+01 4.211860275268554688e+01 3.983168411254882812e+01 3.149082374572753906e+01 2.986187171936035156e+01 2.107355499267578125e+01
3.359999895095825195e+00 3.370068550109863281e+00 2.011232948303222656e+01 3.170905685424804688e+01 2.988363647460937500e+01 4.220822143554687500e+01 3.982724380493164062e+01 3.156077575683593750e+01 2.986184692382812500e+01 2.112396430969238281e+01
3.500000000000000000e+00 3.496790170669555664e+00 2.011671829223632812e+01 3.177895736694335938e+01 2.988368034362792969e+01 4.229784393310546875e+01 3.982281875610351562e+01 3.163072776794433594e+01 2.986182022094726562e+01 2.117437362670898438e+01
