Length: 70.0
Width: 65.0
Thickness: 0.2
Parameters: [(u'sphylinder_projection', (5.0, 5.0, 0.0, 3.0, 4.5999999999999996, 0.90000000000000002), u'Hard'), (u'sphylinder_projection', (15.0, 5.0, 90.0, 3.0, 4.5999999999999996, 0.90000000000000002), u'Hard'), (u'sphylinder_projection', (15.0, 15.0, 0.0, 3.0, 4.5999999999999996, 0.90000000000000002), u'Hard'), (u'sphylinder_projection', (5.0, 15.0, 90.0, 3.0, 4.5999999999999996, 0.90000000000000002), u'Hard')]
Displacement Force P2-x P2-y P4-x P4-y P1-x P1-y P3-x P3-y
0.000000000000000000e+00 -0.000000000000000000e+00 3.994572448730468750e+01 3.007706069946289062e+01 1.991355705261230469e+01 2.980762481689453125e+01 3.007779121398925781e+01 2.005756759643554688e+01 2.986774063110351562e+01 3.999675750732421875e+01
1.400000005960464478e-01 2.570818066596984863e-01 3.994322204589843750e+01 3.014735794067382812e+01 1.991587448120117188e+01 2.987707710266113281e+01 3.007790946960449219e+01 2.011194610595703125e+01 2.986763000488281250e+01 4.008248901367187500e+01
2.800000011920928955e-01 5.105540752410888672e-01 3.994073867797851562e+01 3.021765518188476562e+01 1.991817855834960938e+01 2.994652938842773438e+01 3.007802772521972656e+01 2.016631507873535156e+01 2.986752128601074219e+01 4.016822433471679688e+01
4.199999868869781494e-01 7.604772448539733887e-01 3.993826675415039062e+01 3.028795433044433594e+01 1.992046928405761719e+01 3.001597976684570312e+01 3.007814407348632812e+01 2.022068023681640625e+01 2.986741447448730469e+01 4.025397109985351562e+01
5.600000023841857910e-01 1.006914973258972168e+00 3.993581008911132812e+01 3.035825538635253906e+01 1.992274665832519531e+01 3.008543014526367188e+01 3.007826042175292969e+01 2.027503585815429688e+01 2.986730766296386719e+01 4.033972549438476562e+01
6.999999880790710449e-01 1.249927759170532227e+00 3.993337249755859375e+01 3.042855644226074219e+01 1.992500877380371094e+01 3.015488052368164062e+01 3.007837677001953125e+01 2.032938575744628906e+01 2.986720275878906250e+01 4.042548751831054688e+01
8.399999737739562988e-01 1.489575147628784180e+00 3.993094635009765625e+01 3.049885940551757812e+01 1.992725944519042969e+01 3.022432899475097656e+01 3.007848930358886719e+01 2.038372993469238281e+01 2.986709785461425781e+01 4.051125717163085938e+01
9.800000190734863281e-01 1.725915312767028809e+00 3.992853546142578125e+01 3.056916236877441406e+01 1.992949676513671875e+01 3.029377746582031250e+01 3.007860374450683594e+01 2.043806648254394531e+01 2.986699485778808594e+01 4.059703445434570312e+01
1.120000004768371582e+00 1.959004759788513184e+00 3.992613601684570312e+01 3.063946914672851562e+01 1.993172073364257812e+01 3.036322593688964844e+01 3.007871437072753906e+01 2.049239540100097656e+01 2.986689186096191406e+01 4.068281936645507812e+01
1.259999990463256836e+00 2.188899517059326172e+00 3.992375183105468750e+01 3.070977401733398438e+01 1.993393135070800781e+01 3.043267440795898438e+01 3.007882499694824219e+01 2.054671859741210938e+01 2.986679077148437500e+01 4.076861572265625000e+01
1.399999976158142090e+00 2.415653467178344727e+00 3.992138290405273438e+01 3.078008079528808594e+01 1.993613052368164062e+01 3.050212097167968750e+01 3.007893562316894531e+01 2.060103607177734375e+01 2.986669158935546875e+01 4.085441589355468750e+01
1.539999961853027344e+00 2.639320373535156250e+00 3.991902923583984375e+01 3.085038948059082031e+01 1.993831825256347656e+01 3.057156944274902344e+01 3.007904434204101562e+01 2.065534591674804688e+01 2.986659240722656250e+01 4.094022369384765625e+01
1.679999947547912598e+00 2.859952211380004883e+00 3.991668701171875000e+01 3.092070007324218750e+01 1.994049263000488281e+01 3.064101600646972656e+01 3.007915306091308594e+01 2.070964813232421875e+01 2.986649513244628906e+01 4.102604293823242188e+01
1.820000052452087402e+00 3.077599763870239258e+00 3.991436004638671875e+01 3.099100875854492188e+01 1.994265556335449219e+01 3.071046257019042969e+01 3.007925987243652344e+01 2.076394653320312500e+01 2.986639976501464844e+01 4.111186599731445312e+01
1.960000038146972656e+00 3.292313098907470703e+00 3.991204452514648438e+01 3.106132125854492188e+01 1.994480705261230469e+01 3.077990722656250000e+01 3.007936668395996094e+01 2.081823539733886719e+01 2.986630439758300781e+01 4.119770050048828125e+01
2.099999904632568359e+00 3.504141092300415039e+00 3.990974044799804688e+01 3.113163185119628906e+01 1.994694519042968750e+01 3.084935379028320312e+01 3.007947158813476562e+01 2.087251853942871094e+01 2.986620903015136719e+01 4.128353881835937500e+01
2.240000009536743164e+00 3.713131904602050781e+00 3.990745162963867188e+01 3.120194625854492188e+01 1.994907379150390625e+01 3.091879844665527344e+01 3.007957649230957031e+01 2.092679595947265625e+01 2.986611557006835938e+01 4.136938476562500000e+01
2.380000114440917969e+00 3.919332027435302734e+00 3.990517807006835938e+01 3.127225875854492188e+01 1.995119094848632812e+01 3.098824310302734375e+01 3.007967948913574219e+01 2.098106765747070312e+01 2.986602401733398438e+01 4.145524215698242188e+01
2.519999980926513672e+00 4.122787475585937500e+00 3.990291213989257812e+01 3.134257507324218750e+01 1.995329666137695312e+01 3.105768775939941406e+01 3.007978057861328125e+01 2.103533172607421875e+01 2.986593246459960938e+01 4.154110336303710938e+01
2.660000085830688477e+00 4.323543071746826172e+00 3.990066146850585938e+01 3.141288948059082031e+01 1.995539093017578125e+01 3.112713241577148438e+01 3.007988357543945312e+01 2.108958816528320312e+01 2.986584281921386719e+01 4.162697219848632812e+01
2.799999952316284180e+00 4.521643161773681641e+00 3.989842224121093750e+01 3.148320579528808594e+01 1.995747375488281250e+01 3.119657707214355469e+01 3.007998275756835938e+01 2.114384078979492188e+01 2.986575317382812500e+01 4.171285247802734375e+01
2.940000057220458984e+00 4.717130184173583984e+00 3.989619827270507812e+01 3.155352401733398438e+01 1.995954704284667969e+01 3.126602172851562500e+01 3.008008193969726562e+01 2.119808578491210938e+01 2.986566543579101562e+01 4.179873657226562500e+01
3.079999923706054688e+00 4.910047531127929688e+00 3.989398193359375000e+01 3.162384033203125000e+01 1.996160888671875000e+01 3.133546447753906250e+01 3.008018112182617188e+01 2.125232315063476562e+01 2.986557960510253906e+01 4.188462829589843750e+01
3.220000028610229492e+00 5.100435256958007812e+00 3.989178085327148438e+01 3.169416046142578125e+01 1.996366119384765625e+01 3.140490913391113281e+01 3.008027839660644531e+01 2.130655479431152344e+01 2.986549377441406250e+01 4.197052764892578125e+01
3.359999895095825195e+00 5.288335323333740234e+00 3.988958740234375000e+01 3.176447868347167969e+01 1.996570396423339844e+01 3.147435188293457031e+01 3.008037567138671875e+01 2.136078071594238281e+01 2.986540985107421875e+01 4.205643463134765625e+01
3.500000000000000000e+00 5.473786354064941406e+00 3.988740921020507812e+01 3.183479881286621094e+01 1.996773529052734375e+01 3.154379653930664062e+01 3.008047103881835938e+01 2.141500091552734375e+01 2.986532592773437500e+01 4.214234924316406250e+01
