Length: 70.0
Width: 65.0
Thickness: 0.2
Parameters: [(u'sphylinder_projection', (5.0, 5.0, 0.0, 6.6000000000000005, 1.0, 0.90000000000000002), u'Hard'), (u'sphylinder_projection', (15.0, 5.0, 90.0, 6.6000000000000005, 1.0, 0.90000000000000002), u'Hard'), (u'sphylinder_projection', (15.0, 15.0, 0.0, 6.6000000000000005, 1.0, 0.90000000000000002), u'Hard'), (u'sphylinder_projection', (5.0, 15.0, 90.0, 6.6000000000000005, 1.0, 0.90000000000000002), u'Hard')]
Displacement Force P3-x P3-y P2-x P2-y P1-x P1-y P4-x P4-y
0.000000000000000000e+00 -0.000000000000000000e+00 2.989097976684570312e+01 4.001564407348632812e+01 4.005669403076171875e+01 2.994547080993652344e+01 3.000830078125000000e+01 1.989396286010742188e+01 2.002785491943359375e+01 3.002331924438476562e+01
1.400000005960464478e-01 2.064446061849594116e-01 2.989102363586425781e+01 4.010337829589843750e+01 4.005424499511718750e+01 3.001500129699707031e+01 3.000836181640625000e+01 1.994598770141601562e+01 2.003030014038085938e+01 3.009375953674316406e+01
2.800000011920928955e-01 4.105368554592132568e-01 2.989106559753417969e+01 4.019111251831054688e+01 4.005181121826171875e+01 3.008453178405761719e+01 3.000842285156250000e+01 1.999801063537597656e+01 2.003273773193359375e+01 3.016419982910156250e+01
4.199999868869781494e-01 6.123084425926208496e-01 2.989110755920410156e+01 4.027884674072265625e+01 4.004938125610351562e+01 3.015406227111816406e+01 3.000848579406738281e+01 2.005002975463867188e+01 2.003516387939453125e+01 3.023464202880859375e+01
5.600000023841857910e-01 8.117942214012145996e-01 2.989114952087402344e+01 4.036658477783203125e+01 4.004696273803710938e+01 3.022359085083007812e+01 3.000854682922363281e+01 2.010204696655273438e+01 2.003758049011230469e+01 3.030508613586425781e+01
6.999999880790710449e-01 1.009027242660522461e+00 2.989118957519531250e+01 4.045432662963867188e+01 4.004455566406250000e+01 3.029312133789062500e+01 3.000861167907714844e+01 2.015406227111816406e+01 2.003998947143554688e+01 3.037553215026855469e+01
8.399999737739562988e-01 1.204040050506591797e+00 2.989122962951660156e+01 4.054206466674804688e+01 4.004215240478515625e+01 3.036264991760253906e+01 3.000867462158203125e+01 2.020607376098632812e+01 2.004238700866699219e+01 3.044597816467285156e+01
9.800000190734863281e-01 1.396864175796508789e+00 2.989126968383789062e+01 4.062980651855468750e+01 4.003976440429687500e+01 3.043217849731445312e+01 3.000873947143554688e+01 2.025808525085449219e+01 2.004477882385253906e+01 3.051642417907714844e+01
1.120000004768371582e+00 1.587530851364135742e+00 2.989130783081054688e+01 4.071755218505859375e+01 4.003738021850585938e+01 3.050170707702636719e+01 3.000880432128906250e+01 2.031009292602539062e+01 2.004715919494628906e+01 3.058687210083007812e+01
1.259999990463256836e+00 1.776070952415466309e+00 2.989134597778320312e+01 4.080529785156250000e+01 4.003500747680664062e+01 3.057123565673828125e+01 3.000886917114257812e+01 2.036209869384765625e+01 2.004953384399414062e+01 3.065732002258300781e+01
1.399999976158142090e+00 1.962514281272888184e+00 2.989138412475585938e+01 4.089304351806640625e+01 4.003264236450195312e+01 3.064076232910156250e+01 3.000893402099609375e+01 2.041410064697265625e+01 2.005189704895019531e+01 3.072776985168457031e+01
1.539999961853027344e+00 2.146890401840209961e+00 2.989142036437988281e+01 4.098078918457031250e+01 4.003028488159179688e+01 3.071029090881347656e+01 3.000900077819824219e+01 2.046610069274902344e+01 2.005425453186035156e+01 3.079821968078613281e+01
1.679999947547912598e+00 2.329228162765502930e+00 2.989145660400390625e+01 4.106853866577148438e+01 4.002793502807617188e+01 3.077981948852539062e+01 3.000906753540039062e+01 2.051810073852539062e+01 2.005660247802734375e+01 3.086867141723632812e+01
1.820000052452087402e+00 2.509556293487548828e+00 2.989149284362792969e+01 4.115629196166992188e+01 4.002559280395507812e+01 3.084934806823730469e+01 3.000913429260253906e+01 2.057009696960449219e+01 2.005894470214843750e+01 3.093912315368652344e+01
1.960000038146972656e+00 2.687902212142944336e+00 2.989152908325195312e+01 4.124404144287109375e+01 4.002325820922851562e+01 3.091887664794921875e+01 3.000920104980468750e+01 2.062208938598632812e+01 2.006127738952636719e+01 3.100957489013671875e+01
2.099999904632568359e+00 2.864293575286865234e+00 2.989156341552734375e+01 4.133179473876953125e+01 4.002093505859375000e+01 3.098840522766113281e+01 3.000926971435546875e+01 2.067408180236816406e+01 2.006360244750976562e+01 3.108002853393554688e+01
2.240000009536743164e+00 3.038757324218750000e+00 2.989159774780273438e+01 4.141955184936523438e+01 4.001861572265625000e+01 3.105793380737304688e+01 3.000933837890625000e+01 2.072607231140136719e+01 2.006591987609863281e+01 3.115048217773437500e+01
2.380000114440917969e+00 3.211319684982299805e+00 2.989163017272949219e+01 4.150730895996093750e+01 4.001630401611328125e+01 3.112746238708496094e+01 3.000940704345703125e+01 2.077805900573730469e+01 2.006822967529296875e+01 3.122093582153320312e+01
2.519999980926513672e+00 3.382006645202636719e+00 2.989166259765625000e+01 4.159506607055664062e+01 4.001400375366210938e+01 3.119699096679687500e+01 3.000947570800781250e+01 2.083004379272460938e+01 2.007053375244140625e+01 3.129138946533203125e+01
2.660000085830688477e+00 3.550843477249145508e+00 2.989169502258300781e+01 4.168282318115234375e+01 4.001170730590820312e+01 3.126652145385742188e+01 3.000954627990722656e+01 2.088202667236328125e+01 2.007282829284667969e+01 3.136184501647949219e+01
2.799999952316284180e+00 3.717855215072631836e+00 2.989172744750976562e+01 4.177058410644531250e+01 4.000941848754882812e+01 3.133605194091796875e+01 3.000961685180664062e+01 2.093400764465332031e+01 2.007511711120605469e+01 3.143229866027832031e+01
2.940000057220458984e+00 3.883066654205322266e+00 2.989175796508789062e+01 4.185834503173828125e+01 4.000713348388671875e+01 3.140558242797851562e+01 3.000968742370605469e+01 2.098598670959472656e+01 2.007740020751953125e+01 3.150275421142578125e+01
3.079999923706054688e+00 4.046501636505126953e+00 2.989178848266601562e+01 4.194610595703125000e+01 4.000485992431640625e+01 3.147511291503906250e+01 3.000975799560546875e+01 2.103796386718750000e+01 2.007967376708984375e+01 3.157320976257324219e+01
3.220000028610229492e+00 4.208183765411376953e+00 2.989181900024414062e+01 4.203387069702148438e+01 4.000259017944335938e+01 3.154464340209960938e+01 3.000982856750488281e+01 2.108993911743164062e+01 2.008194351196289062e+01 3.164366531372070312e+01
3.359999895095825195e+00 4.368136405944824219e+00 2.989184761047363281e+01 4.212163543701171875e+01 4.000033187866210938e+01 3.161417579650878906e+01 3.000990104675292969e+01 2.114191246032714844e+01 2.008420372009277344e+01 3.171412086486816406e+01
3.500000000000000000e+00 4.526381969451904297e+00 2.989187622070312500e+01 4.220940399169921875e+01 3.999807739257812500e+01 3.168370819091796875e+01 3.000997161865234375e+01 2.119388389587402344e+01 2.008646011352539062e+01 3.178457641601562500e+01
