Length: 70.0
Width: 65.0
Thickness: 0.2
Parameters: [(u'sphylinder_projection', (5.0, 5.0, 0.0, 4.5999999999999996, 2.2000000000000002, 0.90000000000000002), u'Hard'), (u'sphylinder_projection', (15.0, 5.0, 90.0, 4.5999999999999996, 2.2000000000000002, 0.90000000000000002), u'Hard'), (u'sphylinder_projection', (15.0, 15.0, 0.0, 4.5999999999999996, 2.2000000000000002, 0.90000000000000002), u'Hard'), (u'sphylinder_projection', (5.0, 15.0, 90.0, 4.5999999999999996, 2.2000000000000002, 0.90000000000000002), u'Hard')]
Displacement Force P3-x P3-y P1-x P1-y P4-x P4-y P2-x P2-y
0.000000000000000000e+00 -0.000000000000000000e+00 2.992433929443359375e+01 4.005149078369140625e+01 3.000244903564453125e+01 2.010542297363281250e+01 2.006684303283691406e+01 2.992188072204589844e+01 4.000843048095703125e+01 3.015568351745605469e+01
1.400000005960464478e-01 2.049506753683090210e-01 2.992429161071777344e+01 4.013919448852539062e+01 3.000235176086425781e+01 2.015803337097167969e+01 2.007048988342285156e+01 2.999188613891601562e+01 4.000474166870117188e+01 3.022583007812500000e+01
2.800000011920928955e-01 4.076200127601623535e-01 2.992424392700195312e+01 4.022690582275390625e+01 3.000225448608398438e+01 2.021063995361328125e+01 2.007411956787109375e+01 3.006189155578613281e+01 4.000107192993164062e+01 3.029597854614257812e+01
4.199999868869781494e-01 6.080380082130432129e-01 2.992419624328613281e+01 4.031461334228515625e+01 3.000215721130371094e+01 2.026324462890625000e+01 2.007773017883300781e+01 3.013189697265625000e+01 3.999742126464843750e+01 3.036612701416015625e+01
5.600000023841857910e-01 8.062363266944885254e-01 2.992415046691894531e+01 4.040232849121093750e+01 3.000206184387207031e+01 2.031584739685058594e+01 2.008132171630859375e+01 3.020190238952636719e+01 3.999378585815429688e+01 3.043627738952636719e+01
6.999999880790710449e-01 1.002245545387268066e+00 2.992410278320312500e+01 4.049004364013671875e+01 3.000196647644042969e+01 2.036844635009765625e+01 2.008489608764648438e+01 3.027190780639648438e+01 3.999017333984375000e+01 3.050642776489257812e+01
8.399999737739562988e-01 1.196095585823059082e+00 2.992405509948730469e+01 4.057776260375976562e+01 3.000187301635742188e+01 2.042104148864746094e+01 2.008845138549804688e+01 3.034191513061523438e+01 3.998657608032226562e+01 3.057658004760742188e+01
9.800000190734863281e-01 1.387815833091735840e+00 2.992400932312011719e+01 4.066548156738281250e+01 3.000177764892578125e+01 2.047363662719726562e+01 2.009199142456054688e+01 3.041192054748535156e+01 3.998299407958984375e+01 3.064673423767089844e+01
1.120000004768371582e+00 1.577435135841369629e+00 2.992396163940429688e+01 4.075320434570312500e+01 3.000168418884277344e+01 2.052622604370117188e+01 2.009551239013671875e+01 3.048192787170410156e+01 3.997943496704101562e+01 3.071688842773437500e+01
1.259999990463256836e+00 1.764982104301452637e+00 2.992391586303710938e+01 4.084093093872070312e+01 3.000159263610839844e+01 2.057881355285644531e+01 2.009901618957519531e+01 3.055193328857421875e+01 3.997588729858398438e+01 3.078704261779785156e+01
1.399999976158142090e+00 1.950484514236450195e+00 2.992387008666992188e+01 4.092866134643554688e+01 3.000149917602539062e+01 2.063139915466308594e+01 2.010250282287597656e+01 3.062194061279296875e+01 3.997236251831054688e+01 3.085719871520996094e+01
1.539999961853027344e+00 2.133970022201538086e+00 2.992382431030273438e+01 4.101639175415039062e+01 3.000140762329101562e+01 2.068398284912109375e+01 2.010597229003906250e+01 3.069194793701171875e+01 3.996885299682617188e+01 3.092735481262207031e+01
1.679999947547912598e+00 2.315465450286865234e+00 2.992377853393554688e+01 4.110412597656250000e+01 3.000131607055664062e+01 2.073656272888183594e+01 2.010942459106445312e+01 3.076195526123046875e+01 3.996535873413085938e+01 3.099751281738281250e+01
1.820000052452087402e+00 2.494997262954711914e+00 2.992373275756835938e+01 4.119186019897460938e+01 3.000122642517089844e+01 2.078913879394531250e+01 2.011286163330078125e+01 3.083196067810058594e+01 3.996187973022460938e+01 3.106767272949218750e+01
1.960000038146972656e+00 2.672591924667358398e+00 2.992368698120117188e+01 4.127959823608398438e+01 3.000113677978515625e+01 2.084171295166015625e+01 2.011628341674804688e+01 3.090196800231933594e+01 3.995841979980468750e+01 3.113783264160156250e+01
2.099999904632568359e+00 2.848274946212768555e+00 2.992364120483398438e+01 4.136734008789062500e+01 3.000104713439941406e+01 2.089428520202636719e+01 2.011968803405761719e+01 3.097197532653808594e+01 3.995497512817382812e+01 3.120799446105957031e+01
2.240000009536743164e+00 3.022071599960327148e+00 2.992359733581542969e+01 4.145508193969726562e+01 3.000095939636230469e+01 2.094685363769531250e+01 2.012307548522949219e+01 3.104198265075683594e+01 3.995154571533203125e+01 3.127815628051757812e+01
2.380000114440917969e+00 3.194006681442260742e+00 2.992355155944824219e+01 4.154282760620117188e+01 3.000087165832519531e+01 2.099942016601562500e+01 2.012644767761230469e+01 3.111198997497558594e+01 3.994813156127929688e+01 3.134832000732421875e+01
2.519999980926513672e+00 3.364104509353637695e+00 2.992350769042968750e+01 4.163057708740234375e+01 3.000078392028808594e+01 2.105198287963867188e+01 2.012980461120605469e+01 3.118199729919433594e+01 3.994473648071289062e+01 3.141848373413085938e+01
2.660000085830688477e+00 3.532389163970947266e+00 2.992346382141113281e+01 4.171833038330078125e+01 3.000069618225097656e+01 2.110454368591308594e+01 2.013314628601074219e+01 3.125200462341308594e+01 3.994135284423828125e+01 3.148864936828613281e+01
2.799999952316284180e+00 3.698884487152099609e+00 2.992341804504394531e+01 4.180608367919921875e+01 3.000061035156250000e+01 2.115710067749023438e+01 2.013647270202636719e+01 3.132201194763183594e+01 3.993798828125000000e+01 3.155881500244140625e+01
2.940000057220458984e+00 3.863613367080688477e+00 2.992337417602539062e+01 4.189383697509765625e+01 3.000052452087402344e+01 2.120965576171875000e+01 2.013978576660156250e+01 3.139201736450195312e+01 3.993463516235351562e+01 3.162898254394531250e+01
3.079999923706054688e+00 4.026598930358886719e+00 2.992333030700683594e+01 4.198159790039062500e+01 3.000044059753417969e+01 2.126220893859863281e+01 2.014308166503906250e+01 3.146202468872070312e+01 3.993130111694335938e+01 3.169915008544921875e+01
3.220000028610229492e+00 4.187863826751708984e+00 2.992328643798828125e+01 4.206935882568359375e+01 3.000035667419433594e+01 2.131475830078125000e+01 2.014636230468750000e+01 3.153203201293945312e+01 3.992797851562500000e+01 3.176931953430175781e+01
3.359999895095825195e+00 4.347429275512695312e+00 2.992324447631835938e+01 4.215712356567382812e+01 3.000027275085449219e+01 2.136730575561523438e+01 2.014962959289550781e+01 3.160203933715820312e+01 3.992467117309570312e+01 3.183949089050292969e+01
3.500000000000000000e+00 4.505318164825439453e+00 2.992320060729980469e+01 4.224488830566406250e+01 3.000018882751464844e+01 2.141984939575195312e+01 2.015288162231445312e+01 3.167204666137695312e+01 3.992138290405273438e+01 3.190966224670410156e+01
