Length: 70.0
Width: 65.0
Thickness: 0.2
Parameters: [(u'sphylinder_projection', (5.0, 5.0, 0.0, 1.3999999999999999, 4.5999999999999996, 0.90000000000000002), u'Hard'), (u'sphylinder_projection', (15.0, 5.0, 90.0, 1.3999999999999999, 4.5999999999999996, 0.90000000000000002), u'Hard'), (u'sphylinder_projection', (15.0, 15.0, 0.0, 1.3999999999999999, 4.5999999999999996, 0.90000000000000002), u'Hard'), (u'sphylinder_projection', (5.0, 15.0, 90.0, 1.3999999999999999, 4.5999999999999996, 0.90000000000000002), u'Hard')]
Displacement Force P3-x P3-y P2-x P2-y P4-x P4-y P1-x P1-y
0.000000000000000000e+00 -0.000000000000000000e+00 3.011930274963378906e+01 4.003204727172851562e+01 4.005769729614257812e+01 3.009807777404785156e+01 1.990737915039062500e+01 2.996099472045898438e+01 2.996188354492187500e+01 1.999888992309570312e+01
1.400000005960464478e-01 1.682349145412445068e-01 3.011931228637695312e+01 4.012103652954101562e+01 4.005332183837890625e+01 3.016842651367187500e+01 1.991179084777832031e+01 3.003076362609863281e+01 2.996189308166503906e+01 2.004995155334472656e+01
2.800000011920928955e-01 3.349490165710449219e-01 3.011932182312011719e+01 4.021002578735351562e+01 4.004896926879882812e+01 3.023877525329589844e+01 1.991618347167968750e+01 3.010053443908691406e+01 2.996190071105957031e+01 2.010101318359375000e+01
4.199999868869781494e-01 5.001580715179443359e-01 3.011933135986328125e+01 4.029901504516601562e+01 4.004463195800781250e+01 3.030912208557128906e+01 1.992055702209472656e+01 3.017030525207519531e+01 2.996191024780273438e+01 2.015207481384277344e+01
5.600000023841857910e-01 6.638789176940917969e-01 3.011934089660644531e+01 4.038800430297851562e+01 4.004031753540039062e+01 3.037946891784667969e+01 1.992491340637207031e+01 3.024007606506347656e+01 2.996191787719726562e+01 2.020313453674316406e+01
6.999999880790710449e-01 8.261276483535766602e-01 3.011935043334960938e+01 4.047699356079101562e+01 4.003601837158203125e+01 3.044981575012207031e+01 1.992925071716308594e+01 3.030984878540039062e+01 2.996192741394042969e+01 2.025419425964355469e+01
8.399999737739562988e-01 9.869202971458435059e-01 3.011935997009277344e+01 4.056598281860351562e+01 4.003173446655273438e+01 3.052016258239746094e+01 1.993356895446777344e+01 3.037962150573730469e+01 2.996193504333496094e+01 2.030525207519531250e+01
9.800000190734863281e-01 1.146272540092468262e+00 3.011936950683593750e+01 4.065497207641601562e+01 4.002747344970703125e+01 3.059050941467285156e+01 1.993787002563476562e+01 3.044939613342285156e+01 2.996194267272949219e+01 2.035630989074707031e+01
1.120000004768371582e+00 1.304199934005737305e+00 3.011937904357910156e+01 4.074396133422851562e+01 4.002322769165039062e+01 3.066085624694824219e+01 1.994215202331542969e+01 3.051917076110839844e+01 2.996195030212402344e+01 2.040736579895019531e+01
1.259999990463256836e+00 1.460717678070068359e+00 3.011938858032226562e+01 4.083295440673828125e+01 4.001899719238281250e+01 3.073120117187500000e+01 1.994641685485839844e+01 3.058894538879394531e+01 2.996195793151855469e+01 2.045842170715332031e+01
1.399999976158142090e+00 1.615841150283813477e+00 3.011939811706542969e+01 4.092194366455078125e+01 4.001478958129882812e+01 3.080154609680175781e+01 1.995066642761230469e+01 3.065872192382812500e+01 2.996196365356445312e+01 2.050947761535644531e+01
1.539999961853027344e+00 1.769585132598876953e+00 3.011940956115722656e+01 4.101093292236328125e+01 4.001059341430664062e+01 3.087189102172851562e+01 1.995489692687988281e+01 3.072849845886230469e+01 2.996197128295898438e+01 2.056053161621093750e+01
1.679999947547912598e+00 1.921964287757873535e+00 3.011941909790039062e+01 4.109992599487304688e+01 4.000641632080078125e+01 3.094223403930664062e+01 1.995911026000976562e+01 3.079827499389648438e+01 2.996197891235351562e+01 2.061158370971679688e+01
1.820000052452087402e+00 2.072993278503417969e+00 3.011942863464355469e+01 4.118891525268554688e+01 4.000225448608398438e+01 3.101257896423339844e+01 1.996330833435058594e+01 3.086805343627929688e+01 2.996198463439941406e+01 2.066263580322265625e+01
1.960000038146972656e+00 2.222686290740966797e+00 3.011943817138671875e+01 4.127790832519531250e+01 3.999811172485351562e+01 3.108292198181152344e+01 1.996748924255371094e+01 3.093783378601074219e+01 2.996199035644531250e+01 2.071368789672851562e+01
2.099999904632568359e+00 2.371057748794555664e+00 3.011944961547851562e+01 4.136690139770507812e+01 3.999398422241210938e+01 3.115326499938964844e+01 1.997165489196777344e+01 3.100761222839355469e+01 2.996199798583984375e+01 2.076473808288574219e+01
2.240000009536743164e+00 2.518121480941772461e+00 3.011945915222167969e+01 4.145589065551757812e+01 3.998987197875976562e+01 3.122360801696777344e+01 1.997580337524414062e+01 3.107739448547363281e+01 2.996200370788574219e+01 2.081578636169433594e+01
2.380000114440917969e+00 2.663891077041625977e+00 3.011947059631347656e+01 4.154488372802734375e+01 3.998577499389648438e+01 3.129394912719726562e+01 1.997993659973144531e+01 3.114717483520507812e+01 2.996200942993164062e+01 2.086683464050292969e+01
2.519999980926513672e+00 2.808380365371704102e+00 3.011948013305664062e+01 4.163387680053710938e+01 3.998169326782226562e+01 3.136429023742675781e+01 1.998405265808105469e+01 3.121695709228515625e+01 2.996201515197753906e+01 2.091788291931152344e+01
2.660000085830688477e+00 2.951602935791015625e+00 3.011949157714843750e+01 4.172286987304687500e+01 3.997763061523437500e+01 3.143463134765625000e+01 1.998815345764160156e+01 3.128674125671386719e+01 2.996202087402343750e+01 2.096892929077148438e+01
2.799999952316284180e+00 3.093571901321411133e+00 3.011950111389160156e+01 4.181186294555664062e+01 3.997357940673828125e+01 3.150497245788574219e+01 1.999223899841308594e+01 3.135652542114257812e+01 2.996202468872070312e+01 2.101997375488281250e+01
2.940000057220458984e+00 3.234300136566162109e+00 3.011951255798339844e+01 4.190085983276367188e+01 3.996954345703125000e+01 3.157531166076660156e+01 1.999631118774414062e+01 3.142630958557128906e+01 2.996203041076660156e+01 2.107101821899414062e+01
3.079999923706054688e+00 3.373800754547119141e+00 3.011952209472656250e+01 4.198985290527343750e+01 3.996552658081054688e+01 3.164565086364746094e+01 2.000036621093750000e+01 3.149609565734863281e+01 2.996203613281250000e+01 2.112206077575683594e+01
3.220000028610229492e+00 3.512086629867553711e+00 3.011953353881835938e+01 4.207884979248046875e+01 3.996152114868164062e+01 3.171599006652832031e+01 2.000440597534179688e+01 3.156588172912597656e+01 2.996203994750976562e+01 2.117310333251953125e+01
3.359999895095825195e+00 3.649170398712158203e+00 3.011954307556152344e+01 4.216784286499023438e+01 3.995753097534179688e+01 3.178632926940917969e+01 2.000843238830566406e+01 3.163566780090332031e+01 2.996204376220703125e+01 2.122414398193359375e+01
3.500000000000000000e+00 3.785063982009887695e+00 3.011955451965332031e+01 4.225683975219726562e+01 3.995355224609375000e+01 3.185666656494140625e+01 2.001244354248046875e+01 3.170545578002929688e+01 2.996204948425292969e+01 2.127518272399902344e+01
