Length: 70.0
Width: 65.0
Thickness: 0.2
Parameters: [(u'sphylinder_projection', (5.0, 5.0, 0.0, 1.8, 1.8, 0.90000000000000002), u'Hard'), (u'sphylinder_projection', (15.0, 5.0, 90.0, 1.8, 1.8, 0.90000000000000002), u'Hard'), (u'sphylinder_projection', (15.0, 15.0, 0.0, 1.8, 1.8, 0.90000000000000002), u'Hard'), (u'sphylinder_projection', (5.0, 15.0, 90.0, 1.8, 1.8, 0.90000000000000002), u'Hard')]
Displacement Force P1-x P1-y P2-x P2-y P3-x P3-y P4-x P4-y
0.000000000000000000e+00 -0.000000000000000000e+00 3.004221343994140625e+01 1.993247604370117188e+01 3.992671203613281250e+01 3.005511093139648438e+01 2.999032592773437500e+01 4.009721374511718750e+01 1.996319961547851562e+01 2.992172241210937500e+01
1.400000005960464478e-01 1.266533285379409790e-01 3.004220199584960938e+01 1.998167228698730469e+01 3.992013168334960938e+01 3.012521743774414062e+01 2.999032783508300781e+01 4.018807601928710938e+01 1.996981239318847656e+01 2.999157333374023438e+01
2.800000011920928955e-01 2.524325847625732422e-01 3.004219055175781250e+01 2.003086853027343750e+01 3.991357803344726562e+01 3.019532203674316406e+01 2.999033164978027344e+01 4.027893447875976562e+01 1.997640228271484375e+01 3.006142425537109375e+01
4.199999868869781494e-01 3.773446679115295410e-01 3.004217910766601562e+01 2.008006477355957031e+01 3.990704727172851562e+01 3.026542854309082031e+01 2.999033355712890625e+01 4.036979675292968750e+01 1.998296928405761719e+01 3.013127326965332031e+01
5.600000023841857910e-01 5.013967156410217285e-01 3.004216957092285156e+01 2.012926101684570312e+01 3.990053939819335938e+01 3.033553504943847656e+01 2.999033546447753906e+01 4.046065902709960938e+01 1.998951148986816406e+01 3.020112419128417969e+01
6.999999880790710449e-01 6.245956420898437500e-01 3.004215812683105469e+01 2.017845916748046875e+01 3.989405441284179688e+01 3.040563964843750000e+01 2.999033927917480469e+01 4.055151748657226562e+01 1.999603080749511719e+01 3.027097320556640625e+01
8.399999737739562988e-01 7.469484210014343262e-01 3.004214668273925781e+01 2.022765541076660156e+01 3.988759231567382812e+01 3.047574615478515625e+01 2.999034118652343750e+01 4.064237976074218750e+01 2.000252532958984375e+01 3.034082412719726562e+01
9.800000190734863281e-01 8.684617280960083008e-01 3.004213523864746094e+01 2.027685165405273438e+01 3.988115310668945312e+01 3.054585266113281250e+01 2.999034500122070312e+01 4.073323822021484375e+01 2.000899887084960938e+01 3.041067314147949219e+01
1.120000004768371582e+00 9.891424775123596191e-01 3.004212379455566406e+01 2.032604980468750000e+01 3.987474060058593750e+01 3.061595916748046875e+01 2.999034690856933594e+01 4.082410049438476562e+01 2.001544952392578125e+01 3.048052406311035156e+01
1.259999990463256836e+00 1.108997225761413574e+00 3.004211235046386719e+01 2.037524604797363281e+01 3.986834716796875000e+01 3.068606567382812500e+01 2.999034881591796875e+01 4.091496276855468750e+01 2.002187728881835938e+01 3.055037307739257812e+01
1.399999976158142090e+00 1.228032708168029785e+00 3.004210090637207031e+01 2.042444419860839844e+01 3.986197662353515625e+01 3.075617218017578125e+01 2.999035263061523438e+01 4.100582122802734375e+01 2.002828407287597656e+01 3.062022209167480469e+01
1.539999961853027344e+00 1.346255540847778320e+00 3.004208946228027344e+01 2.047364044189453125e+01 3.985562896728515625e+01 3.082627868652343750e+01 2.999035453796386719e+01 4.109668350219726562e+01 2.003466796875000000e+01 3.069007110595703125e+01
1.679999947547912598e+00 1.463672041893005371e+00 3.004207801818847656e+01 2.052283859252929688e+01 3.984930038452148438e+01 3.089638710021972656e+01 2.999035835266113281e+01 4.118754196166992188e+01 2.004102897644042969e+01 3.075992012023925781e+01
1.820000052452087402e+00 1.580288767814636230e+00 3.004206466674804688e+01 2.057203483581542969e+01 3.984299850463867188e+01 3.096649360656738281e+01 2.999036026000976562e+01 4.127840423583984375e+01 2.004736900329589844e+01 3.082976913452148438e+01
1.960000038146972656e+00 1.696112036705017090e+00 3.004205322265625000e+01 2.062123298645019531e+01 3.983671188354492188e+01 3.103660011291503906e+01 2.999036407470703125e+01 4.136926651000976562e+01 2.005368804931640625e+01 3.089961814880371094e+01
2.099999904632568359e+00 1.811148285865783691e+00 3.004204177856445312e+01 2.067042922973632812e+01 3.983045196533203125e+01 3.110670661926269531e+01 2.999036598205566406e+01 4.146012496948242188e+01 2.005998611450195312e+01 3.096946525573730469e+01
2.240000009536743164e+00 1.925403714179992676e+00 3.004203033447265625e+01 2.071962738037109375e+01 3.982421112060546875e+01 3.117681503295898438e+01 2.999036788940429688e+01 4.155098724365234375e+01 2.006626129150390625e+01 3.103931427001953125e+01
2.380000114440917969e+00 2.038884401321411133e+00 3.004201889038085938e+01 2.076882362365722656e+01 3.981799316406250000e+01 3.124692153930664062e+01 2.999037170410156250e+01 4.164184951782226562e+01 2.007251548767089844e+01 3.110916137695312500e+01
2.519999980926513672e+00 2.151596784591674805e+00 3.004200553894042969e+01 2.081801986694335938e+01 3.981179428100585938e+01 3.131702995300292969e+01 2.999037361145019531e+01 4.173271179199218750e+01 2.007875061035156250e+01 3.117901039123535156e+01
2.660000085830688477e+00 2.263546705245971680e+00 3.004199409484863281e+01 2.086721801757812500e+01 3.980561828613281250e+01 3.138713836669921875e+01 2.999037742614746094e+01 4.182357406616210938e+01 2.008496475219726562e+01 3.124885749816894531e+01
2.799999952316284180e+00 2.374740362167358398e+00 3.004198265075683594e+01 2.091641426086425781e+01 3.979946136474609375e+01 3.145724487304687500e+01 2.999037933349609375e+01 4.191443634033203125e+01 2.009115791320800781e+01 3.131870651245117188e+01
2.940000057220458984e+00 2.485183477401733398e+00 3.004197120666503906e+01 2.096561050415039062e+01 3.979332351684570312e+01 3.152735328674316406e+01 2.999038314819335938e+01 4.200529861450195312e+01 2.009733009338378906e+01 3.138855361938476562e+01
3.079999923706054688e+00 2.594882011413574219e+00 3.004195785522460938e+01 2.101480674743652344e+01 3.978720855712890625e+01 3.159746170043945312e+01 2.999038505554199219e+01 4.209616088867187500e+01 2.010348320007324219e+01 3.145840072631835938e+01
3.220000028610229492e+00 2.703842163085937500e+00 3.004194641113281250e+01 2.106400299072265625e+01 3.978111267089843750e+01 3.166757011413574219e+01 2.999038887023925781e+01 4.218702316284179688e+01 2.010961532592773438e+01 3.152824783325195312e+01
3.359999895095825195e+00 2.812069416046142578e+00 3.004193496704101562e+01 2.111319923400878906e+01 3.977503585815429688e+01 3.173767662048339844e+01 2.999039077758789062e+01 4.227788543701171875e+01 2.011572837829589844e+01 3.159809494018554688e+01
3.500000000000000000e+00 2.919569730758666992e+00 3.004192161560058594e+01 2.116239547729492188e+01 3.976897811889648438e+01 3.180778503417968750e+01 2.999039459228515625e+01 4.236874771118164062e+01 2.012182044982910156e+01 3.166794204711914062e+01
