Length: 70.0
Width: 65.0
Thickness: 0.2
Parameters: [(u'sphylinder_projection', (5.0, 5.0, 0.0, 3.0, 3.0, 0.90000000000000002), u'Hard'), (u'sphylinder_projection', (15.0, 5.0, 90.0, 3.0, 3.0, 0.90000000000000002), u'Hard'), (u'sphylinder_projection', (15.0, 15.0, 0.0, 3.0, 3.0, 0.90000000000000002), u'Hard'), (u'sphylinder_projection', (5.0, 15.0, 90.0, 3.0, 3.0, 0.90000000000000002), u'Hard')]
Displacement Force P3-x P3-y P2-x P2-y P4-x P4-y P1-x P1-y
0.000000000000000000e+00 -0.000000000000000000e+00 2.999484634399414062e+01 4.001436614990234375e+01 4.013160324096679688e+01 2.992634963989257812e+01 2.009294128417968750e+01 2.987191009521484375e+01 3.001632690429687500e+01 2.013707733154296875e+01
1.400000005960464478e-01 1.804496049880981445e-01 2.999484443664550781e+01 4.010289764404296875e+01 4.012699127197265625e+01 2.999622344970703125e+01 2.009764862060546875e+01 2.994169044494628906e+01 3.001633453369140625e+01 2.018880653381347656e+01
2.800000011920928955e-01 3.591335415840148926e-01 2.999484252929687500e+01 4.019143295288085938e+01 4.012240219116210938e+01 3.006609535217285156e+01 2.010233116149902344e+01 3.001146888732910156e+01 3.001634216308593750e+01 2.024053382873535156e+01
4.199999868869781494e-01 5.360719561576843262e-01 2.999484062194824219e+01 4.027996826171875000e+01 4.011783218383789062e+01 3.013596916198730469e+01 2.010698890686035156e+01 3.008124542236328125e+01 3.001634979248046875e+01 2.029226112365722656e+01
5.600000023841857910e-01 7.112862467765808105e-01 2.999483871459960938e+01 4.036850738525390625e+01 4.011328887939453125e+01 3.020583915710449219e+01 2.011162376403808594e+01 3.015102195739746094e+01 3.001635551452636719e+01 2.034398841857910156e+01
6.999999880790710449e-01 8.847969174385070801e-01 2.999483680725097656e+01 4.045704650878906250e+01 4.010876464843750000e+01 3.027571105957031250e+01 2.011623573303222656e+01 3.022079849243164062e+01 3.001636314392089844e+01 2.039571380615234375e+01
8.399999737739562988e-01 1.056624293327331543e+00 2.999483489990234375e+01 4.054558944702148438e+01 4.010426330566406250e+01 3.034558105468750000e+01 2.012082481384277344e+01 3.029057121276855469e+01 3.001637077331542969e+01 2.044743919372558594e+01
9.800000190734863281e-01 1.226788282394409180e+00 2.999483489990234375e+01 4.063413238525390625e+01 4.009978103637695312e+01 3.041545104980468750e+01 2.012539100646972656e+01 3.036034584045410156e+01 3.001637649536132812e+01 2.049916267395019531e+01
1.120000004768371582e+00 1.395308494567871094e+00 2.999483299255371094e+01 4.072267913818359375e+01 4.009532165527343750e+01 3.048532104492187500e+01 2.012993431091308594e+01 3.043011856079101562e+01 3.001638412475585938e+01 2.055088615417480469e+01
1.259999990463256836e+00 1.562204241752624512e+00 2.999483108520507812e+01 4.081122589111328125e+01 4.009088516235351562e+01 3.055518913269042969e+01 2.013445472717285156e+01 3.049988937377929688e+01 3.001638984680175781e+01 2.060260963439941406e+01
1.399999976158142090e+00 1.727494835853576660e+00 2.999482917785644531e+01 4.089977645874023438e+01 4.008646774291992188e+01 3.062505722045898438e+01 2.013895225524902344e+01 3.056966018676757812e+01 3.001639747619628906e+01 2.065433120727539062e+01
1.539999961853027344e+00 1.891198873519897461e+00 2.999482917785644531e+01 4.098832702636718750e+01 4.008206939697265625e+01 3.069492530822753906e+01 2.014343070983886719e+01 3.063942909240722656e+01 3.001640319824218750e+01 2.070605087280273438e+01
1.679999947547912598e+00 2.053334951400756836e+00 2.999482727050781250e+01 4.107688140869140625e+01 4.007769393920898438e+01 3.076479339599609375e+01 2.014788436889648438e+01 3.070919799804687500e+01 3.001640892028808594e+01 2.075777244567871094e+01
1.820000052452087402e+00 2.213921308517456055e+00 2.999482536315917969e+01 4.116543579101562500e+01 4.007333755493164062e+01 3.083465957641601562e+01 2.015231895446777344e+01 3.077896499633789062e+01 3.001641654968261719e+01 2.080949020385742188e+01
1.960000038146972656e+00 2.372976064682006836e+00 2.999482536315917969e+01 4.125399398803710938e+01 4.006900024414062500e+01 3.090452575683593750e+01 2.015673065185546875e+01 3.084873008728027344e+01 3.001642227172851562e+01 2.086120986938476562e+01
2.099999904632568359e+00 2.530516624450683594e+00 2.999482345581054688e+01 4.134255218505859375e+01 4.006468200683593750e+01 3.097439002990722656e+01 2.016112136840820312e+01 3.091849708557128906e+01 3.001642799377441406e+01 2.091292572021484375e+01
2.240000009536743164e+00 2.686560869216918945e+00 2.999482345581054688e+01 4.143111419677734375e+01 4.006038665771484375e+01 3.104425621032714844e+01 2.016549110412597656e+01 3.098826026916503906e+01 3.001643371582031250e+01 2.096464347839355469e+01
2.380000114440917969e+00 2.841125726699829102e+00 2.999482154846191406e+01 4.151968002319335938e+01 4.005610656738281250e+01 3.111412048339843750e+01 2.016984176635742188e+01 3.105802345275878906e+01 3.001643943786621094e+01 2.101635742187500000e+01
2.519999980926513672e+00 2.994228363037109375e+00 2.999481964111328125e+01 4.160824584960937500e+01 4.005184936523437500e+01 3.118398284912109375e+01 2.017416954040527344e+01 3.112778663635253906e+01 3.001644515991210938e+01 2.106807327270507812e+01
2.660000085830688477e+00 3.145885467529296875e+00 2.999481964111328125e+01 4.169681167602539062e+01 4.004760742187500000e+01 3.125384712219238281e+01 2.017847824096679688e+01 3.119754791259765625e+01 3.001645088195800781e+01 2.111978721618652344e+01
2.799999952316284180e+00 3.296113491058349609e+00 2.999481773376464844e+01 4.178538131713867188e+01 4.004338836669921875e+01 3.132370948791503906e+01 2.018276786804199219e+01 3.126730728149414062e+01 3.001645469665527344e+01 2.117149925231933594e+01
2.940000057220458984e+00 3.444928884506225586e+00 2.999481773376464844e+01 4.187395477294921875e+01 4.003918457031250000e+01 3.139356994628906250e+01 2.018703651428222656e+01 3.133706665039062500e+01 3.001646041870117188e+01 2.122321128845214844e+01
3.079999923706054688e+00 3.592347383499145508e+00 2.999481773376464844e+01 4.196252822875976562e+01 4.003499984741210938e+01 3.146343231201171875e+01 2.019128417968750000e+01 3.140682601928710938e+01 3.001646614074707031e+01 2.127492332458496094e+01
3.220000028610229492e+00 3.738384962081909180e+00 2.999481582641601562e+01 4.205110168457031250e+01 4.003083419799804688e+01 3.153329277038574219e+01 2.019551467895507812e+01 3.147658348083496094e+01 3.001646995544433594e+01 2.132663345336914062e+01
3.359999895095825195e+00 3.883057117462158203e+00 2.999481582641601562e+01 4.213968276977539062e+01 4.002668762207031250e+01 3.160315322875976562e+01 2.019972419738769531e+01 3.154633903503417969e+01 3.001647567749023438e+01 2.137834167480468750e+01
3.500000000000000000e+00 4.026379108428955078e+00 2.999481582641601562e+01 4.222826004028320312e+01 4.002255630493164062e+01 3.167301368713378906e+01 2.020391464233398438e+01 3.161609458923339844e+01 3.001648139953613281e+01 2.143004989624023438e+01
