Length: 70.0
Width: 65.0
Thickness: 0.2
Parameters: [(u'sphylinder_projection', (5.0, 5.0, 0.0, 5.0, 1.3999999999999999, 0.90000000000000002), u'Hard'), (u'sphylinder_projection', (15.0, 5.0, 90.0, 5.0, 1.3999999999999999, 0.90000000000000002), u'Hard'), (u'sphylinder_projection', (15.0, 15.0, 0.0, 5.0, 1.3999999999999999, 0.90000000000000002), u'Hard'), (u'sphylinder_projection', (5.0, 15.0, 90.0, 5.0, 1.3999999999999999, 0.90000000000000002), u'Hard')]
Displacement Force P1-x P1-y P4-x P4-y P2-x P2-y P3-x P3-y
0.000000000000000000e+00 -0.000000000000000000e+00 3.000271606445312500e+01 1.994011306762695312e+01 2.001817512512207031e+01 2.992092514038085938e+01 3.998025512695312500e+01 2.999340438842773438e+01 2.998082160949707031e+01 4.000296020507812500e+01
1.400000005960464478e-01 1.785849481821060181e-01 3.000274848937988281e+01 1.999143028259277344e+01 2.002218246459960938e+01 2.999096870422363281e+01 3.997631454467773438e+01 3.006318855285644531e+01 2.998083305358886719e+01 4.009152603149414062e+01
2.800000011920928955e-01 3.554534614086151123e-01 3.000278282165527344e+01 2.004274749755859375e+01 2.002617263793945312e+01 3.006101036071777344e+01 3.997238922119140625e+01 3.013297080993652344e+01 2.998084259033203125e+01 4.018009185791015625e+01
4.199999868869781494e-01 5.306245684623718262e-01 3.000281715393066406e+01 2.009406280517578125e+01 2.003014564514160156e+01 3.013105392456054688e+01 3.996847915649414062e+01 3.020275306701660156e+01 2.998085212707519531e+01 4.026865768432617188e+01
5.600000023841857910e-01 7.041186690330505371e-01 3.000285148620605469e+01 2.014537620544433594e+01 2.003410148620605469e+01 3.020109748840332031e+01 3.996458816528320312e+01 3.027253723144531250e+01 2.998086357116699219e+01 4.035722351074218750e+01
6.999999880790710449e-01 8.759552836418151855e-01 3.000288391113281250e+01 2.019668769836425781e+01 2.003804016113281250e+01 3.027114105224609375e+01 3.996071243286132812e+01 3.034231948852539062e+01 2.998087310791015625e+01 4.044579315185546875e+01
8.399999737739562988e-01 1.046153664588928223e+00 3.000291824340820312e+01 2.024799728393554688e+01 2.004196357727050781e+01 3.034118461608886719e+01 3.995685577392578125e+01 3.041210174560546875e+01 2.998088073730468750e+01 4.053436660766601562e+01
9.800000190734863281e-01 1.214732885360717773e+00 3.000295448303222656e+01 2.029930496215820312e+01 2.004586982727050781e+01 3.041122817993164062e+01 3.995301437377929688e+01 3.048188400268554688e+01 2.998089027404785156e+01 4.062293624877929688e+01
1.120000004768371582e+00 1.381711602210998535e+00 3.000298881530761719e+01 2.035061264038085938e+01 2.004975891113281250e+01 3.048127174377441406e+01 3.994918823242187500e+01 3.055166625976562500e+01 2.998089790344238281e+01 4.071151351928710938e+01
1.259999990463256836e+00 1.547108173370361328e+00 3.000302314758300781e+01 2.040191650390625000e+01 2.005363273620605469e+01 3.055131530761718750e+01 3.994537734985351562e+01 3.062144660949707031e+01 2.998090744018554688e+01 4.080008697509765625e+01
1.399999976158142090e+00 1.710940837860107422e+00 3.000305747985839844e+01 2.045322036743164062e+01 2.005749130249023438e+01 3.062135696411132812e+01 3.994158554077148438e+01 3.069122886657714844e+01 2.998091506958007812e+01 4.088866424560546875e+01
1.539999961853027344e+00 1.873227715492248535e+00 3.000309371948242188e+01 2.050452232360839844e+01 2.006133460998535156e+01 3.069140052795410156e+01 3.993780517578125000e+01 3.076101112365722656e+01 2.998092269897460938e+01 4.097724151611328125e+01
1.679999947547912598e+00 2.033986091613769531e+00 3.000312995910644531e+01 2.055582237243652344e+01 2.006516265869140625e+01 3.076144409179687500e+01 3.993404006958007812e+01 3.083079147338867188e+01 2.998093032836914062e+01 4.106582260131835938e+01
1.820000052452087402e+00 2.193233728408813477e+00 3.000316429138183594e+01 2.060712051391601562e+01 2.006897354125976562e+01 3.083148765563964844e+01 3.993029022216796875e+01 3.090057373046875000e+01 2.998093795776367188e+01 4.115440368652343750e+01
1.960000038146972656e+00 2.350987672805786133e+00 3.000320053100585938e+01 2.065841865539550781e+01 2.007277107238769531e+01 3.090153121948242188e+01 3.992655944824218750e+01 3.097035598754882812e+01 2.998094367980957031e+01 4.124298477172851562e+01
2.099999904632568359e+00 2.507265090942382812e+00 3.000323677062988281e+01 2.070971298217773438e+01 2.007655334472656250e+01 3.097157478332519531e+01 3.992283630371093750e+01 3.104013633728027344e+01 2.998095130920410156e+01 4.133156967163085938e+01
2.240000009536743164e+00 2.662082195281982422e+00 3.000327301025390625e+01 2.076100730895996094e+01 2.008032226562500000e+01 3.104161834716796875e+01 3.991913223266601562e+01 3.110991859436035156e+01 2.998095703125000000e+01 4.142015457153320312e+01
2.380000114440917969e+00 2.815455675125122070e+00 3.000330924987792969e+01 2.081229782104492188e+01 2.008407402038574219e+01 3.111166000366210938e+01 3.991544342041015625e+01 3.117969894409179688e+01 2.998096275329589844e+01 4.150873947143554688e+01
2.519999980926513672e+00 2.967401742935180664e+00 3.000334548950195312e+01 2.086358833312988281e+01 2.008781433105468750e+01 3.118170356750488281e+01 3.991176605224609375e+01 3.124948120117187500e+01 2.998096847534179688e+01 4.159732818603515625e+01
2.660000085830688477e+00 3.117936611175537109e+00 3.000338172912597656e+01 2.091487693786621094e+01 2.009153938293457031e+01 3.125174522399902344e+01 3.990810394287109375e+01 3.131926155090332031e+01 2.998097419738769531e+01 4.168592071533203125e+01
2.799999952316284180e+00 3.267075777053833008e+00 3.000341796875000000e+01 2.096616363525390625e+01 2.009524917602539062e+01 3.132178878784179688e+01 3.990445327758789062e+01 3.138904380798339844e+01 2.998097991943359375e+01 4.177450942993164062e+01
2.940000057220458984e+00 3.414834976196289062e+00 3.000345420837402344e+01 2.101744842529296875e+01 2.009894561767578125e+01 3.139183044433593750e+01 3.990081787109375000e+01 3.145882606506347656e+01 2.998098564147949219e+01 4.186310195922851562e+01
3.079999923706054688e+00 3.561229467391967773e+00 3.000349044799804688e+01 2.106873130798339844e+01 2.010262870788574219e+01 3.146187400817871094e+01 3.989719772338867188e+01 3.152860641479492188e+01 2.998098945617675781e+01 4.195169830322265625e+01
3.220000028610229492e+00 3.706274509429931641e+00 3.000352859497070312e+01 2.112001419067382812e+01 2.010629844665527344e+01 3.153191566467285156e+01 3.989358901977539062e+01 3.159838867187500000e+01 2.998099327087402344e+01 4.204029464721679688e+01
3.359999895095825195e+00 3.849984645843505859e+00 3.000356483459472656e+01 2.117129325866699219e+01 2.010995483398437500e+01 3.160195732116699219e+01 3.988999176025390625e+01 3.166817092895507812e+01 2.998099899291992188e+01 4.212889099121093750e+01
3.500000000000000000e+00 3.992374897003173828e+00 3.000360298156738281e+01 2.122257041931152344e+01 2.011359786987304688e+01 3.167199897766113281e+01 3.988640975952148438e+01 3.173795127868652344e+01 2.998100280761718750e+01 4.221749114990234375e+01
