Length: 70.0
Width: 65.0
Thickness: 0.2
Parameters: [(u'sphylinder_projection', (5.0, 5.0, 0.0, 5.0, 2.6000000000000001, 0.90000000000000002), u'Hard'), (u'sphylinder_projection', (15.0, 5.0, 90.0, 5.0, 2.6000000000000001, 0.90000000000000002), u'Hard'), (u'sphylinder_projection', (15.0, 15.0, 0.0, 5.0, 2.6000000000000001, 0.90000000000000002), u'Hard'), (u'sphylinder_projection', (5.0, 15.0, 90.0, 5.0, 2.6000000000000001, 0.90000000000000002), u'Hard')]
Displacement Force P2-x P2-y P1-x P1-y P4-x P4-y P3-x P3-y
0.000000000000000000e+00 -0.000000000000000000e+00 4.006269454956054688e+01 3.000638198852539062e+01 3.007757949829101562e+01 2.003081130981445312e+01 1.990576171875000000e+01 3.002911186218261719e+01 2.991910743713378906e+01 4.004601287841796875e+01
1.400000005960464478e-01 2.501560747623443604e-01 4.006020736694335938e+01 3.007619094848632812e+01 3.007755088806152344e+01 2.008483886718750000e+01 1.990820121765136719e+01 3.009938049316406250e+01 2.991905975341796875e+01 4.013215637207031250e+01
2.800000011920928955e-01 4.968798756599426270e-01 4.005773925781250000e+01 3.014599990844726562e+01 3.007752227783203125e+01 2.013886070251464844e+01 1.991062545776367188e+01 3.016964721679687500e+01 2.991901206970214844e+01 4.021830368041992188e+01
4.199999868869781494e-01 7.402278184890747070e-01 4.005527877807617188e+01 3.021581077575683594e+01 3.007749366760253906e+01 2.019287872314453125e+01 1.991303825378417969e+01 3.023991394042968750e+01 2.991896247863769531e+01 4.030445480346679688e+01
5.600000023841857910e-01 9.802594780921936035e-01 4.005283355712890625e+01 3.028562164306640625e+01 3.007746505737304688e+01 2.024689102172851562e+01 1.991543579101562500e+01 3.031017875671386719e+01 2.991891479492187500e+01 4.039061355590820312e+01
6.999999880790710449e-01 1.217031717300415039e+00 4.005040359497070312e+01 3.035543441772460938e+01 3.007743644714355469e+01 2.030089759826660156e+01 1.991782188415527344e+01 3.038044166564941406e+01 2.991886711120605469e+01 4.047677612304687500e+01
8.399999737739562988e-01 1.450600147247314453e+00 4.004798507690429688e+01 3.042524719238281250e+01 3.007740783691406250e+01 2.035490226745605469e+01 1.992019462585449219e+01 3.045070457458496094e+01 2.991881942749023438e+01 4.056294250488281250e+01
9.800000190734863281e-01 1.681019186973571777e+00 4.004558181762695312e+01 3.049506187438964844e+01 3.007738113403320312e+01 2.040889930725097656e+01 1.992255592346191406e+01 3.052096557617187500e+01 2.991877174377441406e+01 4.064911651611328125e+01
1.120000004768371582e+00 1.908342003822326660e+00 4.004319000244140625e+01 3.056487655639648438e+01 3.007735252380371094e+01 2.046289443969726562e+01 1.992490196228027344e+01 3.059122467041015625e+01 2.991872596740722656e+01 4.073529434204101562e+01
1.259999990463256836e+00 2.132620811462402344e+00 4.004080963134765625e+01 3.063469314575195312e+01 3.007732582092285156e+01 2.051688194274902344e+01 1.992723846435546875e+01 3.066148376464843750e+01 2.991867828369140625e+01 4.082147598266601562e+01
1.399999976158142090e+00 2.353906631469726562e+00 4.003844070434570312e+01 3.070451164245605469e+01 3.007729721069335938e+01 2.057086753845214844e+01 1.992956161499023438e+01 3.073174095153808594e+01 2.991863059997558594e+01 4.090766525268554688e+01
1.539999961853027344e+00 2.572249412536621094e+00 4.003608703613281250e+01 3.077433013916015625e+01 3.007727050781250000e+01 2.062484550476074219e+01 1.993187332153320312e+01 3.080199623107910156e+01 2.991858482360839844e+01 4.099385833740234375e+01
1.679999947547912598e+00 2.787697792053222656e+00 4.003374481201171875e+01 3.084415054321289062e+01 3.007724380493164062e+01 2.067882156372070312e+01 1.993417167663574219e+01 3.087225151062011719e+01 2.991853713989257812e+01 4.108005523681640625e+01
1.820000052452087402e+00 3.000299930572509766e+00 4.003141403198242188e+01 3.091397094726562500e+01 3.007721710205078125e+01 2.073279190063476562e+01 1.993646049499511719e+01 3.094250488281250000e+01 2.991849136352539062e+01 4.116625976562500000e+01
1.960000038146972656e+00 3.210102558135986328e+00 4.002909469604492188e+01 3.098379325866699219e+01 3.007719039916992188e+01 2.078675651550292969e+01 1.993873596191406250e+01 3.101275634765625000e+01 2.991844367980957031e+01 4.125246429443359375e+01
2.099999904632568359e+00 3.417151451110839844e+00 4.002678680419921875e+01 3.105361747741699219e+01 3.007716369628906250e+01 2.084071731567382812e+01 1.994100189208984375e+01 3.108300590515136719e+01 2.991839790344238281e+01 4.133867645263671875e+01
2.240000009536743164e+00 3.621491670608520508e+00 4.002449035644531250e+01 3.112344169616699219e+01 3.007713699340820312e+01 2.089467430114746094e+01 1.994325447082519531e+01 3.115325355529785156e+01 2.991835212707519531e+01 4.142489624023437500e+01
2.380000114440917969e+00 3.823167324066162109e+00 4.002220535278320312e+01 3.119326782226562500e+01 3.007711219787597656e+01 2.094862556457519531e+01 1.994549751281738281e+01 3.122350120544433594e+01 2.991830444335937500e+01 4.151111602783203125e+01
2.519999980926513672e+00 4.022221088409423828e+00 4.001993179321289062e+01 3.126309585571289062e+01 3.007708549499511719e+01 2.100257301330566406e+01 1.994772911071777344e+01 3.129374694824218750e+01 2.991825866699218750e+01 4.159734344482421875e+01
2.660000085830688477e+00 4.218695640563964844e+00 4.001766967773437500e+01 3.133292388916015625e+01 3.007706069946289062e+01 2.105651664733886719e+01 1.994995117187500000e+01 3.136399078369140625e+01 2.991821289062500000e+01 4.168357467651367188e+01
2.799999952316284180e+00 4.412631988525390625e+00 4.001541900634765625e+01 3.140275382995605469e+01 3.007703399658203125e+01 2.111045455932617188e+01 1.995215988159179688e+01 3.143423461914062500e+01 2.991816902160644531e+01 4.176981353759765625e+01
2.940000057220458984e+00 4.604070663452148438e+00 4.001317596435546875e+01 3.147258567810058594e+01 3.007700920104980469e+01 2.116438674926757812e+01 1.995436096191406250e+01 3.150447463989257812e+01 2.991812324523925781e+01 4.185605621337890625e+01
3.079999923706054688e+00 4.793051719665527344e+00 4.001094818115234375e+01 3.154241752624511719e+01 3.007698440551757812e+01 2.121831703186035156e+01 1.995654869079589844e+01 3.157471466064453125e+01 2.991807746887207031e+01 4.194229888916015625e+01
3.220000028610229492e+00 4.979613780975341797e+00 4.000872802734375000e+01 3.161225128173828125e+01 3.007695960998535156e+01 2.127223968505859375e+01 1.995872879028320312e+01 3.164495277404785156e+01 2.991803169250488281e+01 4.202855300903320312e+01
3.359999895095825195e+00 5.163795471191406250e+00 4.000651931762695312e+01 3.168208694458007812e+01 3.007693481445312500e+01 2.132616043090820312e+01 1.996089744567871094e+01 3.171518898010253906e+01 2.991798782348632812e+01 4.211480712890625000e+01
3.500000000000000000e+00 5.345633029937744141e+00 4.000432205200195312e+01 3.175192451477050781e+01 3.007691001892089844e+01 2.138007545471191406e+01 1.996305465698242188e+01 3.178542518615722656e+01 2.991794395446777344e+01 4.220106887817382812e+01
