Length: 70.0
Width: 65.0
Thickness: 0.2
Parameters: [(u'sphylinder_projection', (5.0, 5.0, 0.0, 5.4000000000000004, 1.0, 0.90000000000000002), u'Hard'), (u'sphylinder_projection', (15.0, 5.0, 90.0, 5.4000000000000004, 1.0, 0.90000000000000002), u'Hard'), (u'sphylinder_projection', (15.0, 15.0, 0.0, 5.4000000000000004, 1.0, 0.90000000000000002), u'Hard'), (u'sphylinder_projection', (5.0, 15.0, 90.0, 5.4000000000000004, 1.0, 0.90000000000000002), u'Hard')]
Displacement Force P2-x P2-y P1-x P1-y P4-x P4-y P3-x P3-y
0.000000000000000000e+00 -0.000000000000000000e+00 3.989870452880859375e+01 2.993695259094238281e+01 2.994989776611328125e+01 1.981187057495117188e+01 1.994994354248046875e+01 3.006719589233398438e+01 3.012598609924316406e+01 3.994059753417968750e+01
1.400000005960464478e-01 1.711215674877166748e-01 3.989491653442382812e+01 3.000657081604003906e+01 2.995003318786621094e+01 1.986265182495117188e+01 1.995376014709472656e+01 3.013754844665527344e+01 3.012601661682128906e+01 4.002932739257812500e+01
2.800000011920928955e-01 3.406771421432495117e-01 3.989113998413085938e+01 3.007618713378906250e+01 2.995016670227050781e+01 1.991343116760253906e+01 1.995756149291992188e+01 3.020790290832519531e+01 3.012604713439941406e+01 4.011806106567382812e+01
4.199999868869781494e-01 5.086830258369445801e-01 3.988738250732421875e+01 3.014580345153808594e+01 2.995030212402343750e+01 1.996420860290527344e+01 1.996134567260742188e+01 3.027825546264648438e+01 3.012607574462890625e+01 4.020679473876953125e+01
5.600000023841857910e-01 6.751565933227539062e-01 3.988364028930664062e+01 3.021541786193847656e+01 2.995043563842773438e+01 2.001498603820800781e+01 1.996511650085449219e+01 3.034860801696777344e+01 3.012610626220703125e+01 4.029553222656250000e+01
6.999999880790710449e-01 8.401147723197937012e-01 3.987990951538085938e+01 3.028503227233886719e+01 2.995057106018066406e+01 2.006576156616210938e+01 1.996887207031250000e+01 3.041896057128906250e+01 3.012613487243652344e+01 4.038426971435546875e+01
8.399999737739562988e-01 1.003574013710021973e+00 3.987619781494140625e+01 3.035464477539062500e+01 2.995070648193359375e+01 2.011653709411621094e+01 1.997261428833007812e+01 3.048931312561035156e+01 3.012616348266601562e+01 4.047301101684570312e+01
9.800000190734863281e-01 1.165550708770751953e+00 3.987249755859375000e+01 3.042425727844238281e+01 2.995084190368652344e+01 2.016730880737304688e+01 1.997634124755859375e+01 3.055966567993164062e+01 3.012619209289550781e+01 4.056175231933593750e+01
1.120000004768371582e+00 1.326061010360717773e+00 3.986880874633789062e+01 3.049386787414550781e+01 2.995097732543945312e+01 2.021808052062988281e+01 1.998005294799804688e+01 3.063001823425292969e+01 3.012622070312500000e+01 4.065049743652343750e+01
1.259999990463256836e+00 1.485120654106140137e+00 3.986513900756835938e+01 3.056347846984863281e+01 2.995111274719238281e+01 2.026885032653808594e+01 1.998375129699707031e+01 3.070036888122558594e+01 3.012624740600585938e+01 4.073924636840820312e+01
1.399999976158142090e+00 1.642745494842529297e+00 3.986148071289062500e+01 3.063308715820312500e+01 2.995124816894531250e+01 2.031961822509765625e+01 1.998743629455566406e+01 3.077071952819824219e+01 3.012627410888671875e+01 4.082799530029296875e+01
1.539999961853027344e+00 1.798950910568237305e+00 3.985783386230468750e+01 3.070269584655761719e+01 2.995138359069824219e+01 2.037038612365722656e+01 1.999110603332519531e+01 3.084107208251953125e+01 3.012630271911621094e+01 4.091674804687500000e+01
1.679999947547912598e+00 1.953752398490905762e+00 3.985420227050781250e+01 3.077230262756347656e+01 2.995151901245117188e+01 2.042115211486816406e+01 1.999476432800292969e+01 3.091142272949218750e+01 3.012632942199707031e+01 4.100550079345703125e+01
1.820000052452087402e+00 2.107164621353149414e+00 3.985058593750000000e+01 3.084190940856933594e+01 2.995165443420410156e+01 2.047191619873046875e+01 1.999840927124023438e+01 3.098177337646484375e+01 3.012635421752929688e+01 4.109425735473632812e+01
1.960000038146972656e+00 2.259202957153320312e+00 3.984698104858398438e+01 3.091151428222656250e+01 2.995178985595703125e+01 2.052267837524414062e+01 2.000204086303710938e+01 3.105212211608886719e+01 3.012638092041015625e+01 4.118301391601562500e+01
2.099999904632568359e+00 2.409881830215454102e+00 3.984338760375976562e+01 3.098111915588378906e+01 2.995192527770996094e+01 2.057344055175781250e+01 2.000565910339355469e+01 3.112247276306152344e+01 3.012640762329101562e+01 4.127177429199218750e+01
2.240000009536743164e+00 2.559215545654296875e+00 3.983980560302734375e+01 3.105072212219238281e+01 2.995206069946289062e+01 2.062420082092285156e+01 2.000926399230957031e+01 3.119282150268554688e+01 3.012643241882324219e+01 4.136053466796875000e+01
2.380000114440917969e+00 2.707218647003173828e+00 3.983623886108398438e+01 3.112032699584960938e+01 2.995219612121582031e+01 2.067495918273925781e+01 2.001285743713378906e+01 3.126317024230957031e+01 3.012645721435546875e+01 4.144930267333984375e+01
2.519999980926513672e+00 2.853905200958251953e+00 3.983268356323242188e+01 3.118992805480957031e+01 2.995233154296875000e+01 2.072571563720703125e+01 2.001643753051757812e+01 3.133351898193359375e+01 3.012648200988769531e+01 4.153806686401367188e+01
2.660000085830688477e+00 2.999289035797119141e+00 3.982913970947265625e+01 3.125953102111816406e+01 2.995246696472167969e+01 2.077647209167480469e+01 2.002000617980957031e+01 3.140386581420898438e+01 3.012650680541992188e+01 4.162683486938476562e+01
2.799999952316284180e+00 3.143383979797363281e+00 3.982561111450195312e+01 3.132913208007812500e+01 2.995260238647460938e+01 2.082722473144531250e+01 2.002356338500976562e+01 3.147421455383300781e+01 3.012653160095214844e+01 4.171560668945312500e+01
2.940000057220458984e+00 3.286203622817993164e+00 3.982209014892578125e+01 3.139873313903808594e+01 2.995273780822753906e+01 2.087797737121582031e+01 2.002710723876953125e+01 3.154456138610839844e+01 3.012655448913574219e+01 4.180438232421875000e+01
3.079999923706054688e+00 3.427761077880859375e+00 3.981858444213867188e+01 3.146833229064941406e+01 2.995287322998046875e+01 2.092872810363769531e+01 2.003063964843750000e+01 3.161490821838378906e+01 3.012657928466796875e+01 4.189315795898437500e+01
3.220000028610229492e+00 3.568069934844970703e+00 3.981508636474609375e+01 3.153793144226074219e+01 2.995300865173339844e+01 2.097947883605957031e+01 2.003416061401367188e+01 3.168525314331054688e+01 3.012660217285156250e+01 4.198193359375000000e+01
3.359999895095825195e+00 3.707142829895019531e+00 3.981160354614257812e+01 3.160753059387207031e+01 2.995314407348632812e+01 2.103022575378417969e+01 2.003767013549804688e+01 3.175559997558593750e+01 3.012662506103515625e+01 4.207071304321289062e+01
3.500000000000000000e+00 3.844992876052856445e+00 3.980812835693359375e+01 3.167712974548339844e+01 2.995327949523925781e+01 2.108097267150878906e+01 2.004116821289062500e+01 3.182594490051269531e+01 3.012664794921875000e+01 4.215949630737304688e+01
