Length: 70.0
Width: 65.0
Thickness: 0.2
Parameters: [(u'sphylinder_projection', (5.0, 5.0, 0.0, 1.3999999999999999, 3.8000000000000003, 0.90000000000000002), u'Hard'), (u'sphylinder_projection', (15.0, 5.0, 90.0, 1.3999999999999999, 3.8000000000000003, 0.90000000000000002), u'Hard'), (u'sphylinder_projection', (15.0, 15.0, 0.0, 1.3999999999999999, 3.8000000000000003, 0.90000000000000002), u'Hard'), (u'sphylinder_projection', (5.0, 15.0, 90.0, 1.3999999999999999, 3.8000000000000003, 0.90000000000000002), u'Hard')]
Displacement Force P4-x P4-y P2-x P2-y P3-x P3-y P1-x P1-y
0.000000000000000000e+00 -0.000000000000000000e+00 1.991077423095703125e+01 2.992021751403808594e+01 3.995468902587890625e+01 2.986867141723632812e+01 2.992837905883789062e+01 4.015922164916992188e+01 3.016025924682617188e+01 2.000842475891113281e+01
1.400000005960464478e-01 1.507742553949356079e-01 1.991607666015625000e+01 2.998997306823730469e+01 3.994930648803710938e+01 2.993853950500488281e+01 2.992844390869140625e+01 4.024915313720703125e+01 3.016026306152343750e+01 2.005879783630371094e+01
2.800000011920928955e-01 3.003248870372772217e-01 1.992135620117187500e+01 3.005973052978515625e+01 3.994394683837890625e+01 3.000840759277343750e+01 2.992850875854492188e+01 4.033908462524414062e+01 3.016026687622070312e+01 2.010916709899902344e+01
4.199999868869781494e-01 4.486631453037261963e-01 1.992661476135253906e+01 3.012948799133300781e+01 3.993861389160156250e+01 3.007827377319335938e+01 2.992857360839843750e+01 4.042901992797851562e+01 3.016027069091796875e+01 2.015953826904296875e+01
5.600000023841857910e-01 5.958010554313659668e-01 1.993185234069824219e+01 3.019924545288085938e+01 3.993329620361328125e+01 3.014814186096191406e+01 2.992863845825195312e+01 4.051895523071289062e+01 3.016027259826660156e+01 2.020990562438964844e+01
6.999999880790710449e-01 7.417501211166381836e-01 1.993706893920898438e+01 3.026900291442871094e+01 3.992800521850585938e+01 3.021800804138183594e+01 2.992870140075683594e+01 4.060889053344726562e+01 3.016027641296386719e+01 2.026027297973632812e+01
8.399999737739562988e-01 8.865218162536621094e-01 1.994226455688476562e+01 3.033876037597656250e+01 3.992273330688476562e+01 3.028787422180175781e+01 2.992876625061035156e+01 4.069882965087890625e+01 3.016027832031250000e+01 2.031063842773437500e+01
9.800000190734863281e-01 1.030127406120300293e+00 1.994743919372558594e+01 3.040851974487304688e+01 3.991748428344726562e+01 3.035774040222167969e+01 2.992883110046386719e+01 4.078876876831054688e+01 3.016027832031250000e+01 2.036100387573242188e+01
1.120000004768371582e+00 1.172577977180480957e+00 1.995259475708007812e+01 3.047827720642089844e+01 3.991225433349609375e+01 3.042760658264160156e+01 2.992889404296875000e+01 4.087870788574218750e+01 3.016028022766113281e+01 2.041136741638183594e+01
1.259999990463256836e+00 1.313884735107421875e+00 1.995772743225097656e+01 3.054803657531738281e+01 3.990704727172851562e+01 3.049747276306152344e+01 2.992895889282226562e+01 4.096865081787109375e+01 3.016028022766113281e+01 2.046172904968261719e+01
1.399999976158142090e+00 1.454058527946472168e+00 1.996284294128417969e+01 3.061779785156250000e+01 3.990185928344726562e+01 3.056733894348144531e+01 2.992902183532714844e+01 4.105859375000000000e+01 3.016028022766113281e+01 2.051208877563476562e+01
1.539999961853027344e+00 1.593109965324401855e+00 1.996793746948242188e+01 3.068755722045898438e+01 3.989669036865234375e+01 3.063720512390136719e+01 2.992908668518066406e+01 4.114853668212890625e+01 3.016028022766113281e+01 2.056244850158691406e+01
1.679999947547912598e+00 1.731050014495849609e+00 1.997301101684570312e+01 3.075731849670410156e+01 3.989154434204101562e+01 3.070706939697265625e+01 2.992914962768554688e+01 4.123848342895507812e+01 3.016028022766113281e+01 2.061280632019042969e+01
1.820000052452087402e+00 1.867888927459716797e+00 1.997806739807128906e+01 3.082707977294921875e+01 3.988641738891601562e+01 3.077693367004394531e+01 2.992921257019042969e+01 4.132843017578125000e+01 3.016027832031250000e+01 2.066316223144531250e+01
1.960000038146972656e+00 2.003637313842773438e+00 1.998310279846191406e+01 3.089684104919433594e+01 3.988130950927734375e+01 3.084679794311523438e+01 2.992927742004394531e+01 4.141838073730468750e+01 3.016027641296386719e+01 2.071351623535156250e+01
2.099999904632568359e+00 2.138305425643920898e+00 1.998811912536621094e+01 3.096660232543945312e+01 3.987622451782226562e+01 3.091666221618652344e+01 2.992934036254882812e+01 4.150832748413085938e+01 3.016027450561523438e+01 2.076387023925781250e+01
2.240000009536743164e+00 2.271903276443481445e+00 1.999311828613281250e+01 3.103636360168457031e+01 3.987115478515625000e+01 3.098652648925781250e+01 2.992940330505371094e+01 4.159828186035156250e+01 3.016027259826660156e+01 2.081422233581542969e+01
2.380000114440917969e+00 2.404441118240356445e+00 1.999809837341308594e+01 3.110612678527832031e+01 3.986610794067382812e+01 3.105639076232910156e+01 2.992946624755859375e+01 4.168823242187500000e+01 3.016026878356933594e+01 2.086457252502441406e+01
2.519999980926513672e+00 2.535928726196289062e+00 2.000305938720703125e+01 3.117588996887207031e+01 3.986107635498046875e+01 3.112625312805175781e+01 2.992952919006347656e+01 4.177818679809570312e+01 3.016026496887207031e+01 2.091492080688476562e+01
2.660000085830688477e+00 2.666376352310180664e+00 2.000800323486328125e+01 3.124565315246582031e+01 3.985606765747070312e+01 3.119611740112304688e+01 2.992959213256835938e+01 4.186814117431640625e+01 3.016026115417480469e+01 2.096526908874511719e+01
2.799999952316284180e+00 2.795793056488037109e+00 2.001292800903320312e+01 3.131541824340820312e+01 3.985107421875000000e+01 3.126597976684570312e+01 2.992965507507324219e+01 4.195809936523437500e+01 3.016025733947753906e+01 2.101561546325683594e+01
2.940000057220458984e+00 2.924189090728759766e+00 2.001783561706542969e+01 3.138518142700195312e+01 3.984609985351562500e+01 3.133584213256835938e+01 2.992971611022949219e+01 4.204805755615234375e+01 3.016025161743164062e+01 2.106595993041992188e+01
3.079999923706054688e+00 3.051573514938354492e+00 2.002272415161132812e+01 3.145494651794433594e+01 3.984114456176757812e+01 3.140570449829101562e+01 2.992977905273437500e+01 4.213801956176757812e+01 3.016024589538574219e+01 2.111630439758300781e+01
3.220000028610229492e+00 3.177955865859985352e+00 2.002759742736816406e+01 3.152471160888671875e+01 3.983620834350585938e+01 3.147556495666503906e+01 2.992984199523925781e+01 4.222797775268554688e+01 3.016024017333984375e+01 2.116664505004882812e+01
3.359999895095825195e+00 3.303345680236816406e+00 2.003245162963867188e+01 3.159447860717773438e+01 3.983129119873046875e+01 3.154542732238769531e+01 2.992990303039550781e+01 4.231794357299804688e+01 3.016023445129394531e+01 2.121698570251464844e+01
3.500000000000000000e+00 3.427751779556274414e+00 2.003728866577148438e+01 3.166424369812011719e+01 3.982638931274414062e+01 3.161528778076171875e+01 2.992996597290039062e+01 4.240790557861328125e+01 3.016022682189941406e+01 2.126732444763183594e+01
