Length: 70.0
Width: 65.0
Thickness: 0.2
Parameters: [(u'sphylinder_projection', (5.0, 5.0, 0.0, 3.8000000000000003, 3.0, 0.90000000000000002), u'Hard'), (u'sphylinder_projection', (15.0, 5.0, 90.0, 3.8000000000000003, 3.0, 0.90000000000000002), u'Hard'), (u'sphylinder_projection', (15.0, 15.0, 0.0, 3.8000000000000003, 3.0, 0.90000000000000002), u'Hard'), (u'sphylinder_projection', (5.0, 15.0, 90.0, 3.8000000000000003, 3.0, 0.90000000000000002), u'Hard')]
Displacement Force P1-x P1-y P3-x P3-y P4-x P4-y P2-x P2-y
0.000000000000000000e+00 -0.000000000000000000e+00 2.990378189086914062e+01 1.994573783874511719e+01 2.997859191894531250e+01 4.000809478759765625e+01 2.000819015502929688e+01 2.996933555603027344e+01 3.993721389770507812e+01 3.004115295410156250e+01
1.400000005960464478e-01 2.134141623973846436e-01 2.990373229980468750e+01 1.999838256835937500e+01 2.997858047485351562e+01 4.009537506103515625e+01 2.001185417175292969e+01 3.003933715820312500e+01 3.993351364135742188e+01 3.011117362976074219e+01
2.800000011920928955e-01 4.243535101413726807e-01 2.990368461608886719e+01 2.005102157592773438e+01 2.997856903076171875e+01 4.018265914916992188e+01 2.001549720764160156e+01 3.010933685302734375e+01 3.992983245849609375e+01 3.018119430541992188e+01
4.199999868869781494e-01 6.328518986701965332e-01 2.990363693237304688e+01 2.010365676879882812e+01 2.997855949401855469e+01 4.026994705200195312e+01 2.001911926269531250e+01 3.017933845520019531e+01 3.992617416381835938e+01 3.025121498107910156e+01
5.600000023841857910e-01 8.389451503753662109e-01 2.990359115600585938e+01 2.015628623962402344e+01 2.997854804992675781e+01 4.035723876953125000e+01 2.002272033691406250e+01 3.024933815002441406e+01 3.992253875732421875e+01 3.032123565673828125e+01
6.999999880790710449e-01 1.042667627334594727e+00 2.990354537963867188e+01 2.020890998840332031e+01 2.997853851318359375e+01 4.044453430175781250e+01 2.002630233764648438e+01 3.031933784484863281e+01 3.991891860961914062e+01 3.039125823974609375e+01
8.399999737739562988e-01 1.244052886962890625e+00 2.990349960327148438e+01 2.026152992248535156e+01 2.997852706909179688e+01 4.053183364868164062e+01 2.002986335754394531e+01 3.038933753967285156e+01 3.991532135009765625e+01 3.046127891540527344e+01
9.800000190734863281e-01 1.443134188652038574e+00 2.990345573425292969e+01 2.031414604187011719e+01 2.997851753234863281e+01 4.061913299560546875e+01 2.003340530395507812e+01 3.045933532714843750e+01 3.991174697875976562e+01 3.053130149841308594e+01
1.120000004768371582e+00 1.639944076538085938e+00 2.990341186523437500e+01 2.036675643920898438e+01 2.997850608825683594e+01 4.070643997192382812e+01 2.003692817687988281e+01 3.052933502197265625e+01 3.990818786621093750e+01 3.060132217407226562e+01
1.259999990463256836e+00 1.834514260292053223e+00 2.990336799621582031e+01 2.041936111450195312e+01 2.997849655151367188e+01 4.079375076293945312e+01 2.004043197631835938e+01 3.059933280944824219e+01 3.990465164184570312e+01 3.067134475708007812e+01
1.399999976158142090e+00 2.026876449584960938e+00 2.990332603454589844e+01 2.047196197509765625e+01 2.997848701477050781e+01 4.088106536865234375e+01 2.004391670227050781e+01 3.066933059692382812e+01 3.990113449096679688e+01 3.074136734008789062e+01
1.539999961853027344e+00 2.217061042785644531e+00 2.990328598022460938e+01 2.052455902099609375e+01 2.997847747802734375e+01 4.096837997436523438e+01 2.004738235473632812e+01 3.073932647705078125e+01 3.989763641357421875e+01 3.081138992309570312e+01
1.679999947547912598e+00 2.405098915100097656e+00 2.990324401855468750e+01 2.057715034484863281e+01 2.997846794128417969e+01 4.105570220947265625e+01 2.005082893371582031e+01 3.080932426452636719e+01 3.989415740966796875e+01 3.088141250610351562e+01
1.820000052452087402e+00 2.591019153594970703e+00 2.990320396423339844e+01 2.062973594665527344e+01 2.997845840454101562e+01 4.114302444458007812e+01 2.005425643920898438e+01 3.087932014465332031e+01 3.989069366455078125e+01 3.095143508911132812e+01
1.960000038146972656e+00 2.774851560592651367e+00 2.990316581726074219e+01 2.068231773376464844e+01 2.997844886779785156e+01 4.123035430908203125e+01 2.005766677856445312e+01 3.094931602478027344e+01 3.988725280761718750e+01 3.102145957946777344e+01
2.099999904632568359e+00 2.956624746322631836e+00 2.990312576293945312e+01 2.073489570617675781e+01 2.997843933105468750e+01 4.131768417358398438e+01 2.006105995178222656e+01 3.101931190490722656e+01 3.988383102416992188e+01 3.109148216247558594e+01
2.240000009536743164e+00 3.136366844177246094e+00 2.990308952331542969e+01 2.078746795654296875e+01 2.997842979431152344e+01 4.140502166748046875e+01 2.006443405151367188e+01 3.108930778503417969e+01 3.988042449951171875e+01 3.116150665283203125e+01
2.380000114440917969e+00 3.314105510711669922e+00 2.990305137634277344e+01 2.084003639221191406e+01 2.997842025756835938e+01 4.149235916137695312e+01 2.006779098510742188e+01 3.115930175781250000e+01 3.987703704833984375e+01 3.123153114318847656e+01
2.519999980926513672e+00 3.489868402481079102e+00 2.990301513671875000e+01 2.089259910583496094e+01 2.997841072082519531e+01 4.157970428466796875e+01 2.007113075256347656e+01 3.122929763793945312e+01 3.987366867065429688e+01 3.130155563354492188e+01
2.660000085830688477e+00 3.663681983947753906e+00 2.990297889709472656e+01 2.094515800476074219e+01 2.997840309143066406e+01 4.166704940795898438e+01 2.007445144653320312e+01 3.129929161071777344e+01 3.987031555175781250e+01 3.137158012390136719e+01
2.799999952316284180e+00 3.835572719573974609e+00 2.990294456481933594e+01 2.099771118164062500e+01 2.997839355468750000e+01 4.175439834594726562e+01 2.007775688171386719e+01 3.136928367614746094e+01 3.986698150634765625e+01 3.144160461425781250e+01
2.940000057220458984e+00 4.005566596984863281e+00 2.990291023254394531e+01 2.105026245117187500e+01 2.997838592529296875e+01 4.184175109863281250e+01 2.008104515075683594e+01 3.143927764892578125e+01 3.986366271972656250e+01 3.151162910461425781e+01
3.079999923706054688e+00 4.173689365386962891e+00 2.990287590026855469e+01 2.110280609130859375e+01 2.997837638854980469e+01 4.192910766601562500e+01 2.008431625366210938e+01 3.150926971435546875e+01 3.986036300659179688e+01 3.158165359497070312e+01
3.220000028610229492e+00 4.339965343475341797e+00 2.990284347534179688e+01 2.115534782409667969e+01 2.997836875915527344e+01 4.201646804809570312e+01 2.008757209777832031e+01 3.157926177978515625e+01 3.985708236694335938e+01 3.165167999267578125e+01
3.359999895095825195e+00 4.504419803619384766e+00 2.990281105041503906e+01 2.120788383483886719e+01 2.997835922241210938e+01 4.210383224487304688e+01 2.009080886840820312e+01 3.164925384521484375e+01 3.985381317138671875e+01 3.172170448303222656e+01
3.500000000000000000e+00 4.667077064514160156e+00 2.990277862548828125e+01 2.126041412353515625e+01 2.997835159301757812e+01 4.219120025634765625e+01 2.009403228759765625e+01 3.171924591064453125e+01 3.985056686401367188e+01 3.179173088073730469e+01
