Length: 70.0
Width: 65.0
Thickness: 0.2
Parameters: [(u'sphylinder_projection', (5.0, 5.0, 0.0, 2.2000000000000002, 4.2000000000000002, 0.90000000000000002), u'Hard'), (u'sphylinder_projection', (15.0, 5.0, 90.0, 2.2000000000000002, 4.2000000000000002, 0.90000000000000002), u'Hard'), (u'sphylinder_projection', (15.0, 15.0, 0.0, 2.2000000000000002, 4.2000000000000002, 0.90000000000000002), u'Hard'), (u'sphylinder_projection', (5.0, 15.0, 90.0, 2.2000000000000002, 4.2000000000000002, 0.90000000000000002), u'Hard')]
Displacement Force P2-x P2-y P4-x P4-y P3-x P3-y P1-x P1-y
0.000000000000000000e+00 -0.000000000000000000e+00 3.997497558593750000e+01 2.991427230834960938e+01 2.005141258239746094e+01 3.000447463989257812e+01 3.002984237670898438e+01 4.017936706542968750e+01 3.014833068847656250e+01 1.995690727233886719e+01
1.400000005960464478e-01 1.902101486921310425e-01 3.997081375122070312e+01 2.998423385620117188e+01 2.005553054809570312e+01 3.007436180114746094e+01 3.002995491027832031e+01 4.026783752441406250e+01 3.014835739135742188e+01 2.000869941711425781e+01
2.800000011920928955e-01 3.784604370594024658e-01 3.996667480468750000e+01 3.005419349670410156e+01 2.005962753295898438e+01 3.014424896240234375e+01 3.003006744384765625e+01 4.035631179809570312e+01 3.014838600158691406e+01 2.006048774719238281e+01
4.199999868869781494e-01 5.647745132446289062e-01 3.996255493164062500e+01 3.012415313720703125e+01 2.006370353698730469e+01 3.021413421630859375e+01 3.003017997741699219e+01 4.044478988647460938e+01 3.014841079711914062e+01 2.011227226257324219e+01
5.600000023841857910e-01 7.491774559020996094e-01 3.995845794677734375e+01 3.019411277770996094e+01 2.006776046752929688e+01 3.028402137756347656e+01 3.003029251098632812e+01 4.053327178955078125e+01 3.014843750000000000e+01 2.016405296325683594e+01
6.999999880790710449e-01 9.316933751106262207e-01 3.995438003540039062e+01 3.026407241821289062e+01 2.007179641723632812e+01 3.035390663146972656e+01 3.003040313720703125e+01 4.062175369262695312e+01 3.014846229553222656e+01 2.021582794189453125e+01
8.399999737739562988e-01 1.112345933914184570e+00 3.995032119750976562e+01 3.033403205871582031e+01 2.007581329345703125e+01 3.042379188537597656e+01 3.003051376342773438e+01 4.071024322509765625e+01 3.014848709106445312e+01 2.026760101318359375e+01
9.800000190734863281e-01 1.291158556938171387e+00 3.994628143310546875e+01 3.040398979187011719e+01 2.007980918884277344e+01 3.049367904663085938e+01 3.003062438964843750e+01 4.079873275756835938e+01 3.014850997924804688e+01 2.031936836242675781e+01
1.120000004768371582e+00 1.468154072761535645e+00 3.994226074218750000e+01 3.047394752502441406e+01 2.008378791809082031e+01 3.056356430053710938e+01 3.003073310852050781e+01 4.088722610473632812e+01 3.014853286743164062e+01 2.037113189697265625e+01
1.259999990463256836e+00 1.643355131149291992e+00 3.993826293945312500e+01 3.054390525817871094e+01 2.008774566650390625e+01 3.063344955444335938e+01 3.003084182739257812e+01 4.097571945190429688e+01 3.014855575561523438e+01 2.042289161682128906e+01
1.399999976158142090e+00 1.816784143447875977e+00 3.993428039550781250e+01 3.061386299133300781e+01 2.009168624877929688e+01 3.070333480834960938e+01 3.003095054626464844e+01 4.106422042846679688e+01 3.014857864379882812e+01 2.047464752197265625e+01
1.539999961853027344e+00 1.988462924957275391e+00 3.993031692504882812e+01 3.068381881713867188e+01 2.009560585021972656e+01 3.077321815490722656e+01 3.003105926513671875e+01 4.115272140502929688e+01 3.014859962463378906e+01 2.052639961242675781e+01
1.679999947547912598e+00 2.158412933349609375e+00 3.992637634277343750e+01 3.075377464294433594e+01 2.009950828552246094e+01 3.084310340881347656e+01 3.003116607666015625e+01 4.124122619628906250e+01 3.014862060546875000e+01 2.057814788818359375e+01
1.820000052452087402e+00 2.326655626296997070e+00 3.992245101928710938e+01 3.082373046875000000e+01 2.010339355468750000e+01 3.091298866271972656e+01 3.003127288818359375e+01 4.132973480224609375e+01 3.014863967895507812e+01 2.062989234924316406e+01
1.960000038146972656e+00 2.493211984634399414e+00 3.991854476928710938e+01 3.089368629455566406e+01 2.010725784301757812e+01 3.098287200927734375e+01 3.003137969970703125e+01 4.141824722290039062e+01 3.014866065979003906e+01 2.068163108825683594e+01
2.099999904632568359e+00 2.658102273941040039e+00 3.991465377807617188e+01 3.096364021301269531e+01 2.011110687255859375e+01 3.105275726318359375e+01 3.003148651123046875e+01 4.150675964355468750e+01 3.014867973327636719e+01 2.073336791992187500e+01
2.240000009536743164e+00 2.821347236633300781e+00 3.991078186035156250e+01 3.103359413146972656e+01 2.011493682861328125e+01 3.112264060974121094e+01 3.003159141540527344e+01 4.159527969360351562e+01 3.014869689941406250e+01 2.078509902954101562e+01
2.380000114440917969e+00 2.982966423034667969e+00 3.990692901611328125e+01 3.110354804992675781e+01 2.011874961853027344e+01 3.119252586364746094e+01 3.003169631958007812e+01 4.168379974365234375e+01 3.014871597290039062e+01 2.083682823181152344e+01
2.519999980926513672e+00 3.142979621887207031e+00 3.990309524536132812e+01 3.117350196838378906e+01 2.012254524230957031e+01 3.126240921020507812e+01 3.003179931640625000e+01 4.177231979370117188e+01 3.014873313903808594e+01 2.088855171203613281e+01
2.660000085830688477e+00 3.301406621932983398e+00 3.989927673339843750e+01 3.124345397949218750e+01 2.012632369995117188e+01 3.133229255676269531e+01 3.003190422058105469e+01 4.186084747314453125e+01 3.014874839782714844e+01 2.094027328491210938e+01
2.799999952316284180e+00 3.458266019821166992e+00 3.989547729492187500e+01 3.131340789794921875e+01 2.013008499145507812e+01 3.140217590332031250e+01 3.003200721740722656e+01 4.194937515258789062e+01 3.014876556396484375e+01 2.099198913574218750e+01
2.940000057220458984e+00 3.613576650619506836e+00 3.989169311523437500e+01 3.138335990905761719e+01 2.013383102416992188e+01 3.147205924987792969e+01 3.003211021423339844e+01 4.203791046142578125e+01 3.014878082275390625e+01 2.104370307922363281e+01
3.079999923706054688e+00 3.767357349395751953e+00 3.988792419433593750e+01 3.145331001281738281e+01 2.013755798339843750e+01 3.154194450378417969e+01 3.003221130371093750e+01 4.212644577026367188e+01 3.014879608154296875e+01 2.109541130065917969e+01
3.220000028610229492e+00 3.919626235961914062e+00 3.988417434692382812e+01 3.152326011657714844e+01 2.014126968383789062e+01 3.161182785034179688e+01 3.003231239318847656e+01 4.221498489379882812e+01 3.014880943298339844e+01 2.114711570739746094e+01
3.359999895095825195e+00 4.070401191711425781e+00 3.988043975830078125e+01 3.159321212768554688e+01 2.014496421813964844e+01 3.168171119689941406e+01 3.003241348266601562e+01 4.230352401733398438e+01 3.014882278442382812e+01 2.119881820678710938e+01
3.500000000000000000e+00 4.219699859619140625e+00 3.987672424316406250e+01 3.166316032409667969e+01 2.014864349365234375e+01 3.175159454345703125e+01 3.003251457214355469e+01 4.239207077026367188e+01 3.014883613586425781e+01 2.125051498413085938e+01
