Length: 70.0
Width: 65.0
Thickness: 0.2
Parameters: [(u'sphylinder_projection', (5.0, 5.0, 0.0, 3.0, 4.2000000000000002, 0.90000000000000002), u'Hard'), (u'sphylinder_projection', (15.0, 5.0, 90.0, 3.0, 4.2000000000000002, 0.90000000000000002), u'Hard'), (u'sphylinder_projection', (15.0, 15.0, 0.0, 3.0, 4.2000000000000002, 0.90000000000000002), u'Hard'), (u'sphylinder_projection', (5.0, 15.0, 90.0, 3.0, 4.2000000000000002, 0.90000000000000002), u'Hard')]
Displacement Force P1-x P1-y P4-x P4-y P3-x P3-y P2-x P2-y
0.000000000000000000e+00 -0.000000000000000000e+00 3.009980010986328125e+01 2.003509330749511719e+01 2.009178352355957031e+01 3.003554725646972656e+01 2.997377395629882812e+01 4.003728485107421875e+01 3.997080993652343750e+01 2.993094253540039062e+01
1.400000005960464478e-01 2.336600422859191895e-01 3.009990119934082031e+01 2.008862495422363281e+01 2.009495925903320312e+01 3.010552597045898438e+01 2.997376632690429688e+01 4.012389755249023438e+01 3.996765899658203125e+01 3.000090217590332031e+01
2.800000011920928955e-01 4.643481969833374023e-01 3.010000038146972656e+01 2.014215087890625000e+01 2.009811592102050781e+01 3.017550659179687500e+01 2.997375869750976562e+01 4.021051788330078125e+01 3.996452331542968750e+01 3.007085990905761719e+01
4.199999868869781494e-01 6.921092867851257324e-01 3.010009765625000000e+01 2.019567108154296875e+01 2.010125541687011719e+01 3.024548530578613281e+01 2.997375106811523438e+01 4.029714584350585938e+01 3.996140670776367188e+01 3.014081764221191406e+01
5.600000023841857910e-01 9.169906377792358398e-01 3.010019493103027344e+01 2.024918556213378906e+01 2.010437393188476562e+01 3.031546211242675781e+01 2.997374343872070312e+01 4.038377380371093750e+01 3.995831298828125000e+01 3.021077537536621094e+01
6.999999880790710449e-01 1.139037370681762695e+00 3.010029220581054688e+01 2.030269622802734375e+01 2.010747528076171875e+01 3.038544082641601562e+01 2.997373771667480469e+01 4.047041320800781250e+01 3.995523452758789062e+01 3.028073120117187500e+01
8.399999737739562988e-01 1.358294010162353516e+00 3.010038566589355469e+01 2.035619926452636719e+01 2.011055755615234375e+01 3.045541954040527344e+01 2.997373008728027344e+01 4.055705261230468750e+01 3.995217132568359375e+01 3.035068702697753906e+01
9.800000190734863281e-01 1.574804067611694336e+00 3.010048103332519531e+01 2.040969657897949219e+01 2.011362075805664062e+01 3.052539634704589844e+01 2.997372436523437500e+01 4.064369964599609375e+01 3.994912719726562500e+01 3.042064285278320312e+01
1.120000004768371582e+00 1.788609981536865234e+00 3.010057258605957031e+01 2.046319007873535156e+01 2.011666870117187500e+01 3.059537315368652344e+01 2.997371864318847656e+01 4.073035430908203125e+01 3.994610214233398438e+01 3.049059677124023438e+01
1.259999990463256836e+00 1.999753594398498535e+00 3.010066604614257812e+01 2.051667785644531250e+01 2.011969566345214844e+01 3.066534996032714844e+01 2.997371292114257812e+01 4.081701278686523438e+01 3.994309616088867188e+01 3.056055259704589844e+01
1.399999976158142090e+00 2.208276033401489258e+00 3.010075569152832031e+01 2.057015991210937500e+01 2.012270736694335938e+01 3.073532676696777344e+01 2.997370529174804688e+01 4.090367507934570312e+01 3.994010543823242188e+01 3.063050460815429688e+01
1.539999961853027344e+00 2.414217472076416016e+00 3.010084533691406250e+01 2.062363624572753906e+01 2.012570190429687500e+01 3.080530357360839844e+01 2.997370147705078125e+01 4.099034500122070312e+01 3.993712997436523438e+01 3.070045852661132812e+01
1.679999947547912598e+00 2.617617368698120117e+00 3.010093498229980469e+01 2.067710685729980469e+01 2.012867736816406250e+01 3.087528038024902344e+01 2.997369575500488281e+01 4.107701873779296875e+01 3.993417358398437500e+01 3.077041053771972656e+01
1.820000052452087402e+00 2.818514108657836914e+00 3.010102272033691406e+01 2.073057365417480469e+01 2.013163757324218750e+01 3.094525527954101562e+01 2.997369003295898438e+01 4.116369628906250000e+01 3.993123245239257812e+01 3.084036254882812500e+01
1.960000038146972656e+00 3.016946077346801758e+00 3.010111045837402344e+01 2.078403282165527344e+01 2.013458061218261719e+01 3.101523208618164062e+01 2.997368431091308594e+01 4.125038146972656250e+01 3.992830657958984375e+01 3.091031455993652344e+01
2.099999904632568359e+00 3.212950229644775391e+00 3.010119438171386719e+01 2.083748817443847656e+01 2.013750648498535156e+01 3.108520698547363281e+01 2.997368049621582031e+01 4.133707427978515625e+01 3.992539978027343750e+01 3.098026466369628906e+01
2.240000009536743164e+00 3.406563043594360352e+00 3.010128021240234375e+01 2.089093780517578125e+01 2.014041709899902344e+01 3.115518188476562500e+01 2.997367477416992188e+01 4.142376708984375000e+01 3.992250823974609375e+01 3.105021476745605469e+01
2.380000114440917969e+00 3.597820520401000977e+00 3.010136413574218750e+01 2.094438362121582031e+01 2.014331054687500000e+01 3.122515678405761719e+01 2.997367095947265625e+01 4.151046752929687500e+01 3.991963195800781250e+01 3.112016296386718750e+01
2.519999980926513672e+00 3.786757946014404297e+00 3.010144615173339844e+01 2.099782180786132812e+01 2.014618873596191406e+01 3.129513359069824219e+01 2.997366714477539062e+01 4.159717559814453125e+01 3.991677093505859375e+01 3.119011116027832031e+01
2.660000085830688477e+00 3.973409414291381836e+00 3.010152816772460938e+01 2.105125617980957031e+01 2.014905166625976562e+01 3.136510848999023438e+01 2.997366333007812500e+01 4.168388748168945312e+01 3.991392517089843750e+01 3.126005935668945312e+01
2.799999952316284180e+00 4.157808780670166016e+00 3.010160827636718750e+01 2.110468673706054688e+01 2.015189743041992188e+01 3.143508338928222656e+01 2.997365951538085938e+01 4.177060317993164062e+01 3.991109466552734375e+01 3.133000755310058594e+01
2.940000057220458984e+00 4.339989662170410156e+00 3.010168838500976562e+01 2.115810966491699219e+01 2.015472793579101562e+01 3.150505638122558594e+01 2.997365570068359375e+01 4.185732269287109375e+01 3.990827941894531250e+01 3.139995384216308594e+01
3.079999923706054688e+00 4.519984722137451172e+00 3.010176658630371094e+01 2.121152877807617188e+01 2.015754318237304688e+01 3.157503128051757812e+01 2.997365188598632812e+01 4.194404983520507812e+01 3.990547943115234375e+01 3.146990013122558594e+01
3.220000028610229492e+00 4.697825431823730469e+00 3.010184478759765625e+01 2.126494216918945312e+01 2.016034317016601562e+01 3.164500617980957031e+01 2.997364807128906250e+01 4.203078079223632812e+01 3.990269470214843750e+01 3.153984451293945312e+01
3.359999895095825195e+00 4.873543262481689453e+00 3.010192108154296875e+01 2.131834983825683594e+01 2.016312789916992188e+01 3.171498107910156250e+01 2.997364425659179688e+01 4.211751937866210938e+01 3.989992523193359375e+01 3.160978889465332031e+01
3.500000000000000000e+00 5.047169685363769531e+00 3.010199737548828125e+01 2.137175369262695312e+01 2.016589927673339844e+01 3.178495407104492188e+01 2.997364234924316406e+01 4.220426177978515625e+01 3.989717102050781250e+01 3.167973327636718750e+01
