Length: 70.0
Width: 65.0
Thickness: 0.2
Parameters: [(u'sphylinder_projection', (5.0, 5.0, 0.0, 5.0, 2.2000000000000002, 0.90000000000000002), u'Hard'), (u'sphylinder_projection', (15.0, 5.0, 90.0, 5.0, 2.2000000000000002, 0.90000000000000002), u'Hard'), (u'sphylinder_projection', (15.0, 15.0, 0.0, 5.0, 2.2000000000000002, 0.90000000000000002), u'Hard'), (u'sphylinder_projection', (5.0, 15.0, 90.0, 5.0, 2.2000000000000002, 0.90000000000000002), u'Hard')]
Displacement Force P2-x P2-y P4-x P4-y P3-x P3-y P1-x P1-y
0.000000000000000000e+00 -0.000000000000000000e+00 3.998609161376953125e+01 3.003011894226074219e+01 2.011512184143066406e+01 2.998807144165039062e+01 2.996616744995117188e+01 4.000955963134765625e+01 2.995016098022460938e+01 1.998880004882812500e+01
1.400000005960464478e-01 2.217671424150466919e-01 3.998303604125976562e+01 3.009997558593750000e+01 2.011818122863769531e+01 3.005825614929199219e+01 2.996617126464843750e+01 4.009660720825195312e+01 2.995014190673828125e+01 2.004174804687500000e+01
2.800000011920928955e-01 4.408491253852844238e-01 3.997999572753906250e+01 3.016983222961425781e+01 2.012122535705566406e+01 3.012844276428222656e+01 2.996617698669433594e+01 4.018365859985351562e+01 2.995012092590332031e+01 2.009469032287597656e+01
4.199999868869781494e-01 6.572845578193664551e-01 3.997697067260742188e+01 3.023968887329101562e+01 2.012425422668457031e+01 3.019862937927246094e+01 2.996618080139160156e+01 4.027071762084960938e+01 2.995010185241699219e+01 2.014762687683105469e+01
5.600000023841857910e-01 8.711146712303161621e-01 3.997396087646484375e+01 3.030954551696777344e+01 2.012726783752441406e+01 3.026881790161132812e+01 2.996618461608886719e+01 4.035777664184570312e+01 2.995008277893066406e+01 2.020055961608886719e+01
6.999999880790710449e-01 1.082378625869750977e+00 3.997096633911132812e+01 3.037940216064453125e+01 2.013026618957519531e+01 3.033900833129882812e+01 2.996618652343750000e+01 4.044483947753906250e+01 2.995006561279296875e+01 2.025348663330078125e+01
8.399999737739562988e-01 1.291114926338195801e+00 3.996798706054687500e+01 3.044925880432128906e+01 2.013324737548828125e+01 3.040919876098632812e+01 2.996619033813476562e+01 4.053190612792968750e+01 2.995004653930664062e+01 2.030640792846679688e+01
9.800000190734863281e-01 1.497361421585083008e+00 3.996502304077148438e+01 3.051911544799804688e+01 2.013621520996093750e+01 3.047939109802246094e+01 2.996619415283203125e+01 4.061897659301757812e+01 2.995002937316894531e+01 2.035932540893554688e+01
1.120000004768371582e+00 1.701155185699462891e+00 3.996207427978515625e+01 3.058897209167480469e+01 2.013916969299316406e+01 3.054958534240722656e+01 2.996619606018066406e+01 4.070605468750000000e+01 2.995001220703125000e+01 2.041223907470703125e+01
1.259999990463256836e+00 1.902532696723937988e+00 3.995913696289062500e+01 3.065883064270019531e+01 2.014210700988769531e+01 3.061977958679199219e+01 2.996619987487792969e+01 4.079313278198242188e+01 2.994999504089355469e+01 2.046514701843261719e+01
1.399999976158142090e+00 2.101529359817504883e+00 3.995621871948242188e+01 3.072868728637695312e+01 2.014503097534179688e+01 3.068997573852539062e+01 2.996620178222656250e+01 4.088021469116210938e+01 2.994997787475585938e+01 2.051804924011230469e+01
1.539999961853027344e+00 2.298180580139160156e+00 3.995331192016601562e+01 3.079854393005371094e+01 2.014794158935546875e+01 3.076017189025878906e+01 2.996620368957519531e+01 4.096730041503906250e+01 2.994996070861816406e+01 2.057094764709472656e+01
1.679999947547912598e+00 2.492520570755004883e+00 3.995041656494140625e+01 3.086840248107910156e+01 2.015083885192871094e+01 3.083036994934082031e+01 2.996620559692382812e+01 4.105438995361328125e+01 2.994994544982910156e+01 2.062384033203125000e+01
1.820000052452087402e+00 2.684583187103271484e+00 3.994753646850585938e+01 3.093826103210449219e+01 2.015372085571289062e+01 3.090056991577148438e+01 2.996620750427246094e+01 4.114148330688476562e+01 2.994993019104003906e+01 2.067672920227050781e+01
1.960000038146972656e+00 2.874401330947875977e+00 3.994467163085937500e+01 3.100811767578125000e+01 2.015658950805664062e+01 3.097076988220214844e+01 2.996620941162109375e+01 4.122858047485351562e+01 2.994991493225097656e+01 2.072961235046386719e+01
2.099999904632568359e+00 3.062007665634155273e+00 3.994181823730468750e+01 3.107797622680664062e+01 2.015944480895996094e+01 3.104096984863281250e+01 2.996621131896972656e+01 4.131568145751953125e+01 2.994989967346191406e+01 2.078249168395996094e+01
2.240000009536743164e+00 3.247433900833129883e+00 3.993897628784179688e+01 3.114783477783203125e+01 2.016228675842285156e+01 3.111117172241210938e+01 2.996621322631835938e+01 4.140278625488281250e+01 2.994988441467285156e+01 2.083536529541015625e+01
2.380000114440917969e+00 3.430711746215820312e+00 3.993614959716796875e+01 3.121769332885742188e+01 2.016511535644531250e+01 3.118137359619140625e+01 2.996621513366699219e+01 4.148989486694335938e+01 2.994987106323242188e+01 2.088823509216308594e+01
2.519999980926513672e+00 3.611871719360351562e+00 3.993333816528320312e+01 3.128755187988281250e+01 2.016793060302734375e+01 3.125157737731933594e+01 2.996621513366699219e+01 4.157700729370117188e+01 2.994985771179199219e+01 2.094109916687011719e+01
2.660000085830688477e+00 3.790944099426269531e+00 3.993053436279296875e+01 3.135741233825683594e+01 2.017073440551757812e+01 3.132178306579589844e+01 2.996621513366699219e+01 4.166412353515625000e+01 2.994984245300292969e+01 2.099395942687988281e+01
2.799999952316284180e+00 3.967958450317382812e+00 3.992774581909179688e+01 3.142727088928222656e+01 2.017352485656738281e+01 3.139198684692382812e+01 2.996621704101562500e+01 4.175123977661132812e+01 2.994983100891113281e+01 2.104681587219238281e+01
2.940000057220458984e+00 4.142944335937500000e+00 3.992497253417968750e+01 3.149713134765625000e+01 2.017630195617675781e+01 3.146219253540039062e+01 2.996621704101562500e+01 4.183836364746093750e+01 2.994981765747070312e+01 2.109966659545898438e+01
3.079999923706054688e+00 4.315929412841796875e+00 3.992220687866210938e+01 3.156699180603027344e+01 2.017906761169433594e+01 3.153240013122558594e+01 2.996621704101562500e+01 4.192549133300781250e+01 2.994980430603027344e+01 2.115251159667968750e+01
3.220000028610229492e+00 4.486942768096923828e+00 3.991945648193359375e+01 3.163685226440429688e+01 2.018181991577148438e+01 3.160260772705078125e+01 2.996621704101562500e+01 4.201261901855468750e+01 2.994979286193847656e+01 2.120535469055175781e+01
3.359999895095825195e+00 4.656011581420898438e+00 3.991671752929687500e+01 3.170671463012695312e+01 2.018456077575683594e+01 3.167281532287597656e+01 2.996621704101562500e+01 4.209975433349609375e+01 2.994978141784667969e+01 2.125819206237792969e+01
3.500000000000000000e+00 4.823163032531738281e+00 3.991399002075195312e+01 3.177657508850097656e+01 2.018729019165039062e+01 3.174302482604980469e+01 2.996621704101562500e+01 4.218688964843750000e+01 2.994976997375488281e+01 2.131102371215820312e+01
