Length: 70.0
Width: 65.0
Thickness: 0.2
Parameters: [(u'sphylinder_projection', (5.0, 5.0, 0.0, 2.6000000000000001, 1.0, 0.90000000000000002), u'Hard'), (u'sphylinder_projection', (15.0, 5.0, 90.0, 2.6000000000000001, 1.0, 0.90000000000000002), u'Hard'), (u'sphylinder_projection', (15.0, 15.0, 0.0, 2.6000000000000001, 1.0, 0.90000000000000002), u'Hard'), (u'sphylinder_projection', (5.0, 15.0, 90.0, 2.6000000000000001, 1.0, 0.90000000000000002), u'Hard')]
Displacement Force P3-x P3-y P1-x P1-y P2-x P2-y P4-x P4-y
0.000000000000000000e+00 -0.000000000000000000e+00 2.995740318298339844e+01 4.007518386840820312e+01 2.999549293518066406e+01 2.007648468017578125e+01 4.000769805908203125e+01 2.983460998535156250e+01 2.004479217529296875e+01 2.999860763549804688e+01
1.400000005960464478e-01 1.250687837600708008e-01 2.995740509033203125e+01 4.016601943969726562e+01 2.999548721313476562e+01 2.012593650817871094e+01 4.000121688842773438e+01 2.990424537658691406e+01 2.005127716064453125e+01 3.006865692138671875e+01
2.800000011920928955e-01 2.492870241403579712e-01 2.995740509033203125e+01 4.025685501098632812e+01 2.999548149108886719e+01 2.017538642883300781e+01 3.999475479125976562e+01 2.997388076782226562e+01 2.005773735046386719e+01 3.013870811462402344e+01
4.199999868869781494e-01 3.726613223552703857e-01 2.995740699768066406e+01 4.034768676757812500e+01 2.999547386169433594e+01 2.022483825683593750e+01 3.998831939697265625e+01 3.004351615905761719e+01 2.006417465209960938e+01 3.020875740051269531e+01
5.600000023841857910e-01 4.951984584331512451e-01 2.995740890502929688e+01 4.043852233886718750e+01 2.999546813964843750e+01 2.027429008483886719e+01 3.998190689086914062e+01 3.011315155029296875e+01 2.007059097290039062e+01 3.027880859375000000e+01
6.999999880790710449e-01 6.169050335884094238e-01 2.995741081237792969e+01 4.052935791015625000e+01 2.999546241760253906e+01 2.032374191284179688e+01 3.997551345825195312e+01 3.018278694152832031e+01 2.007698440551757812e+01 3.034885787963867188e+01
8.399999737739562988e-01 7.377876639366149902e-01 2.995741271972656250e+01 4.062019348144531250e+01 2.999545669555664062e+01 2.037319564819335938e+01 3.996914291381835938e+01 3.025242042541503906e+01 2.008335494995117188e+01 3.041890907287597656e+01
9.800000190734863281e-01 8.578528761863708496e-01 2.995741271972656250e+01 4.071102523803710938e+01 2.999545288085937500e+01 2.042264747619628906e+01 3.996279525756835938e+01 3.032205581665039062e+01 2.008970260620117188e+01 3.048895835876464844e+01
1.120000004768371582e+00 9.771070480346679688e-01 2.995741462707519531e+01 4.080186080932617188e+01 2.999544715881347656e+01 2.047210121154785156e+01 3.995647048950195312e+01 3.039168930053710938e+01 2.009603118896484375e+01 3.055900955200195312e+01
1.259999990463256836e+00 1.095556616783142090e+00 2.995741653442382812e+01 4.089269256591796875e+01 2.999544143676757812e+01 2.052155494689941406e+01 3.995016479492187500e+01 3.046132469177246094e+01 2.010233497619628906e+01 3.062905883789062500e+01
1.399999976158142090e+00 1.213207840919494629e+00 2.995741844177246094e+01 4.098352813720703125e+01 2.999543571472167969e+01 2.057100868225097656e+01 3.994388198852539062e+01 3.053095817565917969e+01 2.010861968994140625e+01 3.069911003112792969e+01
1.539999961853027344e+00 1.330067157745361328e+00 2.995742034912109375e+01 4.107436370849609375e+01 2.999543190002441406e+01 2.062046051025390625e+01 3.993761825561523438e+01 3.060059165954589844e+01 2.011488151550292969e+01 3.076916122436523438e+01
1.679999947547912598e+00 1.446140646934509277e+00 2.995742225646972656e+01 4.116519927978515625e+01 2.999542617797851562e+01 2.066991615295410156e+01 3.993137741088867188e+01 3.067022514343261719e+01 2.012112426757812500e+01 3.083921051025390625e+01
1.820000052452087402e+00 1.561434388160705566e+00 2.995742416381835938e+01 4.125603103637695312e+01 2.999542236328125000e+01 2.071936988830566406e+01 3.992515563964843750e+01 3.073985862731933594e+01 2.012734413146972656e+01 3.090926170349121094e+01
1.960000038146972656e+00 1.675954699516296387e+00 2.995742797851562500e+01 4.134686660766601562e+01 2.999541664123535156e+01 2.076882362365722656e+01 3.991895675659179688e+01 3.080949211120605469e+01 2.013354492187500000e+01 3.097931098937988281e+01
2.099999904632568359e+00 1.789707422256469727e+00 2.995742988586425781e+01 4.143770217895507812e+01 2.999541282653808594e+01 2.081827735900878906e+01 3.991277313232421875e+01 3.087912559509277344e+01 2.013972282409667969e+01 3.104936218261718750e+01
2.240000009536743164e+00 1.902698755264282227e+00 2.995743179321289062e+01 4.152853393554687500e+01 2.999540901184082031e+01 2.086773109436035156e+01 3.990661621093750000e+01 3.094875717163085938e+01 2.014588356018066406e+01 3.111941146850585938e+01
2.380000114440917969e+00 2.014934301376342773e+00 2.995743370056152344e+01 4.161936950683593750e+01 2.999540519714355469e+01 2.091718673706054688e+01 3.990047454833984375e+01 3.101839065551757812e+01 2.015202140808105469e+01 3.118946266174316406e+01
2.519999980926513672e+00 2.126420259475708008e+00 2.995743560791015625e+01 4.171020507812500000e+01 2.999539947509765625e+01 2.096664047241210938e+01 3.989435577392578125e+01 3.108802223205566406e+01 2.015814018249511719e+01 3.125951194763183594e+01
2.660000085830688477e+00 2.237162351608276367e+00 2.995743942260742188e+01 4.180104064941406250e+01 2.999539566040039062e+01 2.101609420776367188e+01 3.988825607299804688e+01 3.115765571594238281e+01 2.016423988342285156e+01 3.132956123352050781e+01
2.799999952316284180e+00 2.347166538238525391e+00 2.995744132995605469e+01 4.189187622070312500e+01 2.999539184570312500e+01 2.106554794311523438e+01 3.988217544555664062e+01 3.122728729248046875e+01 2.017031860351562500e+01 3.139961242675781250e+01
2.940000057220458984e+00 2.456438064575195312e+00 2.995744323730468750e+01 4.198271179199218750e+01 2.999538993835449219e+01 2.111500358581542969e+01 3.987611389160156250e+01 3.129691886901855469e+01 2.017637825012207031e+01 3.146966171264648438e+01
3.079999923706054688e+00 2.564982891082763672e+00 2.995744705200195312e+01 4.207354736328125000e+01 2.999538612365722656e+01 2.116445732116699219e+01 3.987007141113281250e+01 3.136655235290527344e+01 2.018241882324218750e+01 3.153971290588378906e+01
3.220000028610229492e+00 2.672806739807128906e+00 2.995744895935058594e+01 4.216438293457031250e+01 2.999538230895996094e+01 2.121391105651855469e+01 3.986404800415039062e+01 3.143618392944335938e+01 2.018844032287597656e+01 3.160976219177246094e+01
3.359999895095825195e+00 2.779914855957031250e+00 2.995745277404785156e+01 4.225522232055664062e+01 2.999537849426269531e+01 2.126336669921875000e+01 3.985804367065429688e+01 3.150581550598144531e+01 2.019444084167480469e+01 3.167981147766113281e+01
3.500000000000000000e+00 2.886312961578369141e+00 2.995745468139648438e+01 4.234605789184570312e+01 2.999537658691406250e+01 2.131282043457031250e+01 3.985205841064453125e+01 3.157544517517089844e+01 2.020042419433593750e+01 3.174986267089843750e+01
