Length: 70.0
Width: 65.0
Thickness: 0.2
Parameters: [(u'sphylinder_projection', (5.0, 5.0, 0.0, 2.6000000000000001, 2.2000000000000002, 0.90000000000000002), u'Hard'), (u'sphylinder_projection', (15.0, 5.0, 90.0, 2.6000000000000001, 2.2000000000000002, 0.90000000000000002), u'Hard'), (u'sphylinder_projection', (15.0, 15.0, 0.0, 2.6000000000000001, 2.2000000000000002, 0.90000000000000002), u'Hard'), (u'sphylinder_projection', (5.0, 15.0, 90.0, 2.6000000000000001, 2.2000000000000002, 0.90000000000000002), u'Hard')]
Displacement Force P3-x P3-y P1-x P1-y P4-x P4-y P2-x P2-y
0.000000000000000000e+00 -0.000000000000000000e+00 3.008265686035156250e+01 3.990056991577148438e+01 3.009760284423828125e+01 1.999415206909179688e+01 2.002466201782226562e+01 2.985769271850585938e+01 3.995126342773437500e+01 3.009128570556640625e+01
1.400000005960464478e-01 1.466577351093292236e-01 3.008266830444335938e+01 3.999025344848632812e+01 3.009760856628417969e+01 2.004428482055664062e+01 2.003052520751953125e+01 2.992745590209960938e+01 3.994540405273437500e+01 3.016143035888671875e+01
2.800000011920928955e-01 2.921502590179443359e-01 3.008267784118652344e+01 4.007993316650390625e+01 3.009761238098144531e+01 2.009441757202148438e+01 2.003636360168457031e+01 2.999721908569335938e+01 3.993956756591796875e+01 3.023157501220703125e+01
4.199999868869781494e-01 4.364881813526153564e-01 3.008268928527832031e+01 4.016961288452148438e+01 3.009761810302734375e+01 2.014455032348632812e+01 2.004217720031738281e+01 3.006698036193847656e+01 3.993375778198242188e+01 3.030172157287597656e+01
5.600000023841857910e-01 5.796827077865600586e-01 3.008269882202148438e+01 4.025929641723632812e+01 3.009762191772460938e+01 2.019468116760253906e+01 2.004796600341796875e+01 3.013674354553222656e+01 3.992797088623046875e+01 3.037186622619628906e+01
6.999999880790710449e-01 7.217446565628051758e-01 3.008270835876464844e+01 4.034897613525390625e+01 3.009762573242187500e+01 2.024481391906738281e+01 2.005373191833496094e+01 3.020650291442871094e+01 3.992221069335937500e+01 3.044201278686523438e+01
8.399999737739562988e-01 8.626847267150878906e-01 3.008271789550781250e+01 4.043865585327148438e+01 3.009762954711914062e+01 2.029494667053222656e+01 2.005947494506835938e+01 3.027626419067382812e+01 3.991646957397460938e+01 3.051215934753417969e+01
9.800000190734863281e-01 1.002513408660888672e+00 3.008272743225097656e+01 4.052833557128906250e+01 3.009763145446777344e+01 2.034507942199707031e+01 2.006519317626953125e+01 3.034602355957031250e+01 3.991075515747070312e+01 3.058230781555175781e+01
1.120000004768371582e+00 1.141241312026977539e+00 3.008273506164550781e+01 4.061801910400390625e+01 3.009763526916503906e+01 2.039521217346191406e+01 2.007088661193847656e+01 3.041578292846679688e+01 3.990506362915039062e+01 3.065245437622070312e+01
1.259999990463256836e+00 1.278878688812255859e+00 3.008274269104003906e+01 4.070769882202148438e+01 3.009763717651367188e+01 2.044534301757812500e+01 2.007655906677246094e+01 3.048554039001464844e+01 3.989939498901367188e+01 3.072260284423828125e+01
1.399999976158142090e+00 1.415435671806335449e+00 3.008275222778320312e+01 4.079737854003906250e+01 3.009763908386230469e+01 2.049547576904296875e+01 2.008220863342285156e+01 3.055529785156250000e+01 3.989375305175781250e+01 3.079275131225585938e+01
1.539999961853027344e+00 1.550922513008117676e+00 3.008275794982910156e+01 4.088705825805664062e+01 3.009764099121093750e+01 2.054560661315917969e+01 2.008783531188964844e+01 3.062505531311035156e+01 3.988813018798828125e+01 3.086289978027343750e+01
1.679999947547912598e+00 1.685349106788635254e+00 3.008276557922363281e+01 4.097673797607421875e+01 3.009764289855957031e+01 2.059573745727539062e+01 2.009343910217285156e+01 3.069481277465820312e+01 3.988253021240234375e+01 3.093304824829101562e+01
1.820000052452087402e+00 1.818725347518920898e+00 3.008277320861816406e+01 4.106641769409179688e+01 3.009764480590820312e+01 2.064587020874023438e+01 2.009902000427246094e+01 3.076456832885742188e+01 3.987694931030273438e+01 3.100319862365722656e+01
1.960000038146972656e+00 1.951061129570007324e+00 3.008277893066406250e+01 4.115609741210937500e+01 3.009764480590820312e+01 2.069600105285644531e+01 2.010457992553710938e+01 3.083432388305664062e+01 3.987139511108398438e+01 3.107334709167480469e+01
2.099999904632568359e+00 2.082365751266479492e+00 3.008278465270996094e+01 4.124577713012695312e+01 3.009764480590820312e+01 2.074613189697265625e+01 2.011011695861816406e+01 3.090407752990722656e+01 3.986585998535156250e+01 3.114349746704101562e+01
2.240000009536743164e+00 2.212649106979370117e+00 3.008279037475585938e+01 4.133545303344726562e+01 3.009764480590820312e+01 2.079626274108886719e+01 2.011563301086425781e+01 3.097383117675781250e+01 3.986034774780273438e+01 3.121364784240722656e+01
2.380000114440917969e+00 2.341920614242553711e+00 3.008279609680175781e+01 4.142513275146484375e+01 3.009764480590820312e+01 2.084639167785644531e+01 2.012112808227539062e+01 3.104358482360839844e+01 3.985485839843750000e+01 3.128380012512207031e+01
2.519999980926513672e+00 2.470189332962036133e+00 3.008279991149902344e+01 4.151481246948242188e+01 3.009764480590820312e+01 2.089652252197265625e+01 2.012660217285156250e+01 3.111333656311035156e+01 3.984938812255859375e+01 3.135395050048828125e+01
2.660000085830688477e+00 2.597464799880981445e+00 3.008280563354492188e+01 4.160449218750000000e+01 3.009764480590820312e+01 2.094665145874023438e+01 2.013205337524414062e+01 3.118309020996093750e+01 3.984394073486328125e+01 3.142410278320312500e+01
2.799999952316284180e+00 2.723756074905395508e+00 3.008280944824218750e+01 4.169417190551757812e+01 3.009764289855957031e+01 2.099678039550781250e+01 2.013748550415039062e+01 3.125284004211425781e+01 3.983851623535156250e+01 3.149425506591796875e+01
2.940000057220458984e+00 2.849071979522705078e+00 3.008281326293945312e+01 4.178385162353515625e+01 3.009764289855957031e+01 2.104690933227539062e+01 2.014289474487304688e+01 3.132259178161621094e+01 3.983310699462890625e+01 3.156440734863281250e+01
3.079999923706054688e+00 2.973421335220336914e+00 3.008281707763671875e+01 4.187353134155273438e+01 3.009764099121093750e+01 2.109703826904296875e+01 2.014828491210937500e+01 3.139234161376953125e+01 3.982772064208984375e+01 3.163455963134765625e+01
3.220000028610229492e+00 3.096813440322875977e+00 3.008282089233398438e+01 4.196321105957031250e+01 3.009763908386230469e+01 2.114716720581054688e+01 2.015365409851074219e+01 3.146209144592285156e+01 3.982235717773437500e+01 3.170471382141113281e+01
3.359999895095825195e+00 3.219256877899169922e+00 3.008282279968261719e+01 4.205289077758789062e+01 3.009763717651367188e+01 2.119729423522949219e+01 2.015900421142578125e+01 3.153183937072753906e+01 3.981701278686523438e+01 3.177486610412597656e+01
3.500000000000000000e+00 3.340759992599487305e+00 3.008282470703125000e+01 4.214257049560546875e+01 3.009763526916503906e+01 2.124742317199707031e+01 2.016433334350585938e+01 3.160158729553222656e+01 3.981168746948242188e+01 3.184502029418945312e+01
